heur040_n_300_m_13358
  1  10
  1  14
  1  15
  1  16
  1  18
  1  20
  1  21
  1  25
  1  26
  1  27
  1  28
  1  29
  1  32
  1  36
  1  43
  1  52
  1  56
  1  58
  1  61
  1  62
  1  63
  1  65
  1  66
  1  69
  1  70
  1  76
  1  77
  1  78
  1  79
  1  82
  1  83
  1  84
  1  85
  1  86
  1  87
  1  88
  1  90
  1  91
  1  92
  1  94
  1  97
  1  99
  1 101
  1 103
  1 105
  1 108
  1 109
  1 110
  1 111
  1 114
  1 117
  1 120
  1 121
  1 122
  1 123
  1 127
  1 128
  1 134
  1 137
  1 147
  1 150
  1 151
  1 152
  1 156
  1 157
  1 158
  1 159
  1 164
  1 165
  1 166
  1 167
  1 169
  1 170
  1 171
  1 173
  1 177
  1 180
  1 181
  1 188
  1 194
  1 195
  1 196
  1 197
  1 198
  1 201
  1 202
  1 203
  1 204
  1 207
  1 208
  1 210
  1 211
  1 212
  1 213
  1 215
  1 219
  1 223
  1 227
  1 228
  1 231
  1 232
  1 233
  1 235
  1 237
  1 242
  1 243
  1 245
  1 247
  1 248
  1 249
  1 250
  1 251
  1 252
  1 253
  1 254
  1 255
  1 256
  1 257
  1 262
  1 263
  1 266
  1 267
  1 274
  1 275
  1 276
  1 281
  1 282
  1 285
  1 287
  1 288
  1 289
  1 292
  1 293
  1 294
  1 299
  2   4
  2   9
  2  12
  2  13
  2  17
  2  22
  2  30
  2  41
  2  44
  2  48
  2  50
  2  53
  2  67
  2  72
  2  96
  2  98
  2 107
  2 112
  2 129
  2 130
  2 136
  2 140
  2 142
  2 163
  2 178
  2 187
  2 189
  2 224
  2 238
  2 261
  2 264
  2 269
  2 270
  2 278
  2 280
  2 295
  3  19
  3  31
  3  34
  3  39
  3  47
  3  68
  3 131
  3 160
  3 191
  3 205
  4   9
  4  12
  4  17
  4  22
  4  41
  4  44
  4  48
  4  50
  4  67
  4  80
  4  98
  4 107
  4 116
  4 129
  4 140
  4 142
  4 163
  4 174
  4 178
  4 189
  4 206
  4 224
  4 225
  4 229
  4 261
  4 269
  4 280
  4 283
  4 295
  5  12
  5  13
  5  17
  5  30
  5  33
  5  41
  5  44
  5  48
  5  67
  5  96
  5 107
  5 112
  5 116
  5 129
  5 130
  5 136
  5 140
  5 142
  5 163
  5 174
  5 178
  5 187
  5 189
  5 206
  5 224
  5 238
  5 264
  5 269
  5 270
  5 278
  5 280
  5 283
  5 295
  6 184
  6 290
  7  31
  7  34
  7  37
  7  40
  7  68
  7  95
  7 131
  7 143
  7 160
  7 162
  7 191
  7 192
  7 205
  7 260
  7 284
  7 286
  8  24
  8  35
  8 124
  8 135
  8 183
  8 234
  8 259
  9  12
  9  17
  9  22
  9  30
  9  41
  9  48
  9  50
  9  67
  9  80
  9  96
  9  98
  9 129
  9 130
  9 131
  9 142
  9 178
  9 185
  9 187
  9 225
  9 261
  9 280
  9 283
  9 295
 10  14
 10  15
 10  16
 10  21
 10  25
 10  27
 10  28
 10  29
 10  32
 10  36
 10  43
 10  46
 10  49
 10  52
 10  56
 10  58
 10  61
 10  62
 10  65
 10  66
 10  69
 10  70
 10  75
 10  77
 10  78
 10  79
 10  82
 10  83
 10  86
 10  88
 10  90
 10  93
 10  94
 10  99
 10 101
 10 103
 10 105
 10 108
 10 109
 10 111
 10 117
 10 118
 10 122
 10 123
 10 128
 10 134
 10 137
 10 147
 10 150
 10 151
 10 154
 10 156
 10 157
 10 159
 10 164
 10 165
 10 166
 10 167
 10 169
 10 170
 10 171
 10 173
 10 176
 10 177
 10 180
 10 181
 10 188
 10 190
 10 195
 10 197
 10 198
 10 201
 10 203
 10 204
 10 207
 10 208
 10 209
 10 212
 10 213
 10 215
 10 219
 10 220
 10 223
 10 227
 10 231
 10 232
 10 233
 10 236
 10 242
 10 243
 10 245
 10 246
 10 247
 10 248
 10 249
 10 251
 10 252
 10 253
 10 254
 10 255
 10 257
 10 263
 10 266
 10 267
 10 275
 10 276
 10 281
 10 285
 10 287
 10 288
 10 289
 10 291
 10 293
 10 294
 11  24
 11  31
 11  34
 11  37
 11  39
 11  40
 11  47
 11  68
 11  95
 11 126
 11 131
 11 135
 11 143
 11 160
 11 162
 11 168
 11 191
 11 192
 11 239
 11 260
 11 277
 11 279
 12  13
 12  17
 12  22
 12  30
 12  33
 12  38
 12  41
 12  44
 12  48
 12  50
 12  53
 12  67
 12  72
 12  80
 12  96
 12  98
 12 107
 12 112
 12 116
 12 130
 12 136
 12 140
 12 141
 12 144
 12 149
 12 161
 12 174
 12 175
 12 178
 12 185
 12 187
 12 189
 12 206
 12 224
 12 225
 12 238
 12 261
 12 264
 12 269
 12 270
 12 278
 12 280
 12 283
 12 295
 13  17
 13  22
 13  23
 13  41
 13  44
 13  48
 13  67
 13  80
 13  98
 13 107
 13 116
 13 129
 13 140
 13 142
 13 163
 13 174
 13 175
 13 178
 13 189
 13 206
 13 224
 13 225
 13 258
 13 261
 13 269
 13 280
 13 283
 13 295
 14  15
 14  16
 14  18
 14  20
 14  21
 14  25
 14  26
 14  27
 14  28
 14  29
 14  32
 14  36
 14  43
 14  46
 14  49
 14  51
 14  52
 14  56
 14  58
 14  60
 14  61
 14  62
 14  63
 14  65
 14  66
 14  69
 14  70
 14  75
 14  76
 14  77
 14  78
 14  79
 14  82
 14  83
 14  84
 14  85
 14  86
 14  87
 14  88
 14  90
 14  91
 14  92
 14  93
 14  94
 14  97
 14  99
 14 103
 14 104
 14 105
 14 108
 14 109
 14 110
 14 111
 14 114
 14 117
 14 118
 14 119
 14 120
 14 121
 14 122
 14 123
 14 127
 14 128
 14 132
 14 134
 14 137
 14 147
 14 148
 14 150
 14 151
 14 152
 14 154
 14 156
 14 157
 14 158
 14 159
 14 164
 14 165
 14 166
 14 167
 14 169
 14 170
 14 171
 14 173
 14 176
 14 180
 14 181
 14 188
 14 190
 14 193
 14 194
 14 195
 14 196
 14 197
 14 198
 14 201
 14 202
 14 203
 14 204
 14 207
 14 208
 14 209
 14 210
 14 211
 14 212
 14 213
 14 214
 14 215
 14 218
 14 219
 14 220
 14 222
 14 223
 14 227
 14 228
 14 231
 14 232
 14 233
 14 235
 14 236
 14 237
 14 240
 14 241
 14 242
 14 243
 14 245
 14 246
 14 247
 14 248
 14 249
 14 250
 14 251
 14 252
 14 253
 14 254
 14 255
 14 256
 14 257
 14 262
 14 263
 14 266
 14 267
 14 274
 14 275
 14 276
 14 281
 14 282
 14 285
 14 287
 14 288
 14 289
 14 291
 14 292
 14 293
 14 294
 14 297
 14 300
 15  16
 15  21
 15  25
 15  27
 15  28
 15  29
 15  32
 15  36
 15  46
 15  49
 15  51
 15  52
 15  56
 15  58
 15  60
 15  61
 15  62
 15  63
 15  65
 15  66
 15  69
 15  70
 15  75
 15  76
 15  77
 15  78
 15  79
 15  82
 15  83
 15  85
 15  86
 15  87
 15  88
 15  91
 15  92
 15  93
 15  94
 15  99
 15 101
 15 105
 15 108
 15 109
 15 110
 15 111
 15 114
 15 118
 15 119
 15 120
 15 121
 15 122
 15 127
 15 128
 15 132
 15 134
 15 137
 15 147
 15 150
 15 151
 15 152
 15 154
 15 156
 15 157
 15 158
 15 159
 15 164
 15 167
 15 169
 15 170
 15 171
 15 173
 15 176
 15 177
 15 180
 15 181
 15 188
 15 190
 15 193
 15 194
 15 197
 15 198
 15 201
 15 202
 15 203
 15 204
 15 208
 15 209
 15 210
 15 211
 15 212
 15 213
 15 215
 15 218
 15 220
 15 223
 15 227
 15 228
 15 231
 15 232
 15 233
 15 235
 15 236
 15 237
 15 240
 15 241
 15 242
 15 243
 15 245
 15 246
 15 247
 15 248
 15 249
 15 250
 15 251
 15 252
 15 253
 15 254
 15 256
 15 263
 15 267
 15 275
 15 276
 15 281
 15 282
 15 285
 15 287
 15 289
 15 291
 15 293
 15 294
 15 299
 16  18
 16  25
 16  27
 16  29
 16  32
 16  36
 16  43
 16  46
 16  52
 16  56
 16  58
 16  61
 16  62
 16  63
 16  65
 16  66
 16  69
 16  70
 16  75
 16  76
 16  78
 16  79
 16  82
 16  83
 16  85
 16  86
 16  87
 16  88
 16  90
 16  91
 16  92
 16  93
 16  94
 16  97
 16  99
 16 101
 16 103
 16 105
 16 108
 16 109
 16 111
 16 118
 16 120
 16 121
 16 122
 16 123
 16 127
 16 134
 16 137
 16 147
 16 150
 16 151
 16 152
 16 156
 16 157
 16 158
 16 159
 16 165
 16 166
 16 167
 16 171
 16 173
 16 177
 16 180
 16 181
 16 188
 16 190
 16 193
 16 194
 16 195
 16 197
 16 198
 16 201
 16 202
 16 203
 16 204
 16 207
 16 208
 16 209
 16 210
 16 211
 16 212
 16 213
 16 214
 16 215
 16 219
 16 220
 16 227
 16 231
 16 232
 16 233
 16 235
 16 236
 16 237
 16 243
 16 245
 16 246
 16 247
 16 248
 16 249
 16 250
 16 251
 16 252
 16 253
 16 254
 16 255
 16 256
 16 257
 16 262
 16 263
 16 266
 16 267
 16 275
 16 285
 16 287
 16 288
 16 289
 16 291
 16 293
 16 294
 17  22
 17  30
 17  41
 17  44
 17  48
 17  50
 17  53
 17  67
 17  72
 17  80
 17  96
 17  98
 17 107
 17 112
 17 116
 17 129
 17 130
 17 136
 17 142
 17 163
 17 174
 17 178
 17 187
 17 189
 17 206
 17 224
 17 225
 17 238
 17 261
 17 264
 17 269
 17 270
 17 278
 17 280
 17 283
 17 295
 18  21
 18  25
 18  27
 18  29
 18  43
 18  46
 18  56
 18  58
 18  62
 18  63
 18  65
 18  66
 18  70
 18  77
 18  78
 18  79
 18  82
 18  83
 18  84
 18  85
 18  86
 18  87
 18  88
 18  89
 18  91
 18  93
 18  94
 18  97
 18 101
 18 103
 18 105
 18 108
 18 110
 18 111
 18 117
 18 118
 18 119
 18 120
 18 127
 18 128
 18 132
 18 134
 18 147
 18 150
 18 151
 18 156
 18 157
 18 158
 18 164
 18 165
 18 166
 18 167
 18 169
 18 171
 18 177
 18 180
 18 193
 18 194
 18 196
 18 197
 18 198
 18 202
 18 203
 18 204
 18 207
 18 208
 18 209
 18 211
 18 212
 18 213
 18 215
 18 217
 18 219
 18 220
 18 223
 18 226
 18 227
 18 231
 18 232
 18 233
 18 235
 18 236
 18 241
 18 242
 18 243
 18 245
 18 246
 18 247
 18 250
 18 251
 18 252
 18 254
 18 255
 18 256
 18 257
 18 262
 18 263
 18 266
 18 267
 18 276
 18 281
 18 282
 18 285
 18 287
 18 291
 18 292
 18 294
 18 299
 19  31
 19  47
 19  68
 19 131
 19 205
 19 259
 20  21
 20  25
 20  27
 20  58
 20  60
 20  65
 20  66
 20  69
 20  79
 20  82
 20  83
 20  84
 20  87
 20  94
 20  97
 20 101
 20 104
 20 108
 20 109
 20 110
 20 121
 20 128
 20 137
 20 151
 20 156
 20 158
 20 164
 20 169
 20 190
 20 193
 20 197
 20 203
 20 209
 20 214
 20 215
 20 218
 20 219
 20 220
 20 223
 20 231
 20 235
 20 241
 20 242
 20 246
 20 249
 20 254
 20 266
 20 275
 20 276
 20 281
 20 285
 20 289
 20 292
 20 293
 20 294
 20 297
 20 299
 21  25
 21  27
 21  29
 21  32
 21  36
 21  43
 21  46
 21  49
 21  51
 21  52
 21  56
 21  58
 21  61
 21  62
 21  63
 21  65
 21  66
 21  69
 21  70
 21  75
 21  76
 21  77
 21  78
 21  79
 21  82
 21  83
 21  85
 21  86
 21  87
 21  88
 21  90
 21  91
 21  92
 21  93
 21  94
 21  97
 21  99
 21 101
 21 103
 21 104
 21 105
 21 108
 21 109
 21 110
 21 111
 21 114
 21 117
 21 118
 21 120
 21 121
 21 122
 21 123
 21 127
 21 128
 21 132
 21 134
 21 137
 21 147
 21 148
 21 150
 21 151
 21 152
 21 154
 21 156
 21 157
 21 158
 21 159
 21 165
 21 166
 21 167
 21 170
 21 171
 21 173
 21 176
 21 177
 21 180
 21 181
 21 188
 21 190
 21 193
 21 194
 21 195
 21 196
 21 197
 21 198
 21 201
 21 202
 21 203
 21 204
 21 207
 21 208
 21 209
 21 210
 21 211
 21 212
 21 213
 21 214
 21 215
 21 218
 21 219
 21 220
 21 223
 21 227
 21 228
 21 231
 21 232
 21 233
 21 235
 21 236
 21 237
 21 241
 21 243
 21 245
 21 246
 21 247
 21 248
 21 249
 21 250
 21 251
 21 252
 21 253
 21 254
 21 255
 21 256
 21 257
 21 262
 21 263
 21 266
 21 267
 21 274
 21 275
 21 281
 21 282
 21 285
 21 287
 21 288
 21 289
 21 291
 21 293
 21 294
 21 297
 21 299
 21 300
 22  30
 22  41
 22  44
 22  48
 22  50
 22  53
 22  67
 22  72
 22  80
 22  96
 22 107
 22 112
 22 116
 22 129
 22 130
 22 136
 22 140
 22 142
 22 161
 22 163
 22 174
 22 175
 22 178
 22 187
 22 189
 22 206
 22 224
 22 225
 22 238
 22 264
 22 269
 22 270
 22 278
 22 280
 22 283
 22 295
 23  30
 23  44
 23  67
 23  73
 23  80
 23  96
 23  98
 23 112
 23 129
 23 136
 23 142
 23 187
 23 206
 23 224
 23 229
 23 269
 23 270
 23 295
 24  31
 24  39
 24  45
 24  47
 24  54
 24  74
 24  81
 24  95
 24 100
 24 106
 24 124
 24 133
 24 135
 24 138
 24 155
 24 162
 24 184
 24 191
 24 192
 24 205
 24 221
 24 230
 24 239
 24 259
 24 260
 24 271
 24 279
 24 298
 25  26
 25  27
 25  28
 25  29
 25  32
 25  36
 25  43
 25  46
 25  49
 25  51
 25  52
 25  56
 25  58
 25  61
 25  62
 25  63
 25  65
 25  66
 25  69
 25  70
 25  75
 25  76
 25  77
 25  78
 25  79
 25  82
 25  83
 25  84
 25  85
 25  86
 25  87
 25  88
 25  90
 25  91
 25  92
 25  93
 25  94
 25  97
 25  99
 25 101
 25 103
 25 105
 25 108
 25 109
 25 110
 25 111
 25 117
 25 118
 25 119
 25 120
 25 121
 25 122
 25 123
 25 127
 25 128
 25 131
 25 132
 25 134
 25 137
 25 147
 25 150
 25 151
 25 152
 25 154
 25 156
 25 157
 25 158
 25 159
 25 164
 25 165
 25 166
 25 167
 25 169
 25 170
 25 171
 25 173
 25 176
 25 177
 25 180
 25 181
 25 188
 25 190
 25 193
 25 194
 25 195
 25 196
 25 197
 25 198
 25 201
 25 203
 25 204
 25 207
 25 208
 25 209
 25 210
 25 211
 25 212
 25 213
 25 215
 25 218
 25 219
 25 220
 25 222
 25 223
 25 227
 25 228
 25 232
 25 233
 25 235
 25 236
 25 237
 25 240
 25 241
 25 242
 25 243
 25 245
 25 246
 25 247
 25 248
 25 249
 25 250
 25 251
 25 252
 25 253
 25 254
 25 255
 25 256
 25 257
 25 262
 25 266
 25 267
 25 275
 25 276
 25 281
 25 282
 25 285
 25 287
 25 288
 25 289
 25 291
 25 292
 25 293
 25 294
 25 297
 25 299
 25 300
 26  27
 26  29
 26  43
 26  46
 26  49
 26  52
 26  56
 26  58
 26  61
 26  62
 26  63
 26  65
 26  66
 26  69
 26  70
 26  75
 26  76
 26  78
 26  79
 26  82
 26  83
 26  85
 26  86
 26  87
 26  88
 26  91
 26  93
 26  94
 26  99
 26 101
 26 103
 26 105
 26 108
 26 111
 26 117
 26 118
 26 119
 26 120
 26 121
 26 127
 26 128
 26 134
 26 137
 26 147
 26 150
 26 151
 26 156
 26 157
 26 158
 26 159
 26 165
 26 166
 26 167
 26 171
 26 173
 26 177
 26 180
 26 181
 26 188
 26 190
 26 194
 26 195
 26 197
 26 198
 26 202
 26 203
 26 204
 26 207
 26 208
 26 209
 26 210
 26 211
 26 212
 26 213
 26 215
 26 218
 26 219
 26 220
 26 228
 26 231
 26 232
 26 233
 26 235
 26 236
 26 241
 26 243
 26 245
 26 246
 26 247
 26 248
 26 249
 26 250
 26 252
 26 253
 26 254
 26 255
 26 256
 26 257
 26 262
 26 263
 26 266
 26 267
 26 274
 26 275
 26 282
 26 285
 26 287
 26 288
 26 289
 26 291
 26 292
 26 293
 26 294
 26 299
 27  28
 27  29
 27  32
 27  36
 27  43
 27  46
 27  52
 27  56
 27  58
 27  61
 27  62
 27  63
 27  65
 27  66
 27  69
 27  70
 27  75
 27  76
 27  78
 27  79
 27  82
 27  83
 27  84
 27  85
 27  86
 27  87
 27  88
 27  90
 27  91
 27  92
 27  93
 27  94
 27  97
 27  99
 27 101
 27 103
 27 105
 27 108
 27 109
 27 110
 27 111
 27 117
 27 118
 27 120
 27 121
 27 122
 27 123
 27 127
 27 128
 27 134
 27 137
 27 147
 27 150
 27 151
 27 152
 27 154
 27 156
 27 157
 27 158
 27 159
 27 164
 27 165
 27 166
 27 167
 27 169
 27 170
 27 171
 27 173
 27 177
 27 180
 27 181
 27 188
 27 190
 27 193
 27 194
 27 195
 27 196
 27 197
 27 198
 27 201
 27 202
 27 203
 27 204
 27 207
 27 208
 27 209
 27 210
 27 211
 27 212
 27 215
 27 219
 27 220
 27 223
 27 227
 27 228
 27 231
 27 232
 27 233
 27 235
 27 236
 27 237
 27 241
 27 242
 27 243
 27 245
 27 246
 27 247
 27 248
 27 249
 27 250
 27 251
 27 252
 27 253
 27 254
 27 255
 27 256
 27 257
 27 262
 27 263
 27 266
 27 267
 27 274
 27 275
 27 276
 27 281
 27 282
 27 285
 27 287
 27 288
 27 289
 27 291
 27 292
 27 293
 27 294
 27 299
 28  29
 28  32
 28  36
 28  46
 28  49
 28  51
 28  52
 28  56
 28  58
 28  60
 28  61
 28  62
 28  63
 28  65
 28  66
 28  69
 28  70
 28  75
 28  76
 28  78
 28  79
 28  82
 28  83
 28  84
 28  85
 28  86
 28  87
 28  88
 28  90
 28  91
 28  92
 28  93
 28  94
 28  99
 28 101
 28 103
 28 105
 28 108
 28 109
 28 110
 28 111
 28 117
 28 118
 28 119
 28 120
 28 121
 28 122
 28 127
 28 128
 28 132
 28 134
 28 137
 28 147
 28 150
 28 151
 28 152
 28 156
 28 157
 28 158
 28 159
 28 165
 28 166
 28 167
 28 170
 28 171
 28 173
 28 176
 28 177
 28 180
 28 181
 28 188
 28 190
 28 194
 28 195
 28 196
 28 197
 28 198
 28 201
 28 203
 28 204
 28 207
 28 208
 28 209
 28 210
 28 211
 28 212
 28 213
 28 215
 28 218
 28 219
 28 220
 28 223
 28 228
 28 231
 28 232
 28 233
 28 235
 28 236
 28 237
 28 241
 28 242
 28 243
 28 245
 28 246
 28 247
 28 248
 28 249
 28 250
 28 252
 28 253
 28 254
 28 255
 28 256
 28 257
 28 262
 28 263
 28 266
 28 267
 28 274
 28 275
 28 281
 28 282
 28 285
 28 287
 28 288
 28 289
 28 291
 28 293
 28 294
 28 299
 28 300
 29  32
 29  36
 29  43
 29  46
 29  51
 29  52
 29  58
 29  61
 29  62
 29  63
 29  65
 29  66
 29  69
 29  70
 29  75
 29  76
 29  78
 29  79
 29  82
 29  83
 29  85
 29  86
 29  87
 29  88
 29  90
 29  91
 29  92
 29  93
 29  94
 29  99
 29 101
 29 103
 29 105
 29 108
 29 109
 29 110
 29 111
 29 117
 29 118
 29 120
 29 121
 29 122
 29 127
 29 128
 29 132
 29 134
 29 137
 29 147
 29 150
 29 151
 29 152
 29 154
 29 156
 29 157
 29 158
 29 159
 29 164
 29 165
 29 166
 29 167
 29 169
 29 170
 29 171
 29 173
 29 176
 29 177
 29 181
 29 188
 29 190
 29 194
 29 195
 29 196
 29 197
 29 198
 29 201
 29 202
 29 203
 29 204
 29 207
 29 208
 29 209
 29 210
 29 211
 29 212
 29 213
 29 215
 29 218
 29 219
 29 220
 29 222
 29 223
 29 227
 29 228
 29 231
 29 232
 29 233
 29 235
 29 236
 29 237
 29 240
 29 241
 29 242
 29 243
 29 245
 29 246
 29 247
 29 248
 29 249
 29 250
 29 251
 29 253
 29 254
 29 255
 29 256
 29 257
 29 262
 29 263
 29 266
 29 267
 29 275
 29 276
 29 281
 29 282
 29 285
 29 287
 29 288
 29 289
 29 291
 29 292
 29 294
 29 299
 29 300
 30  41
 30  44
 30  48
 30  50
 30  67
 30  80
 30  98
 30 107
 30 116
 30 129
 30 140
 30 142
 30 163
 30 174
 30 175
 30 178
 30 189
 30 206
 30 224
 30 261
 30 269
 30 280
 30 283
 30 295
 31  39
 31  54
 31  66
 31  68
 31  74
 31  95
 31 106
 31 131
 31 135
 31 138
 31 155
 31 160
 31 162
 31 186
 31 205
 31 230
 31 259
 31 260
 31 265
 31 272
 31 290
 32  36
 32  43
 32  46
 32  49
 32  52
 32  56
 32  58
 32  61
 32  62
 32  63
 32  65
 32  66
 32  69
 32  70
 32  75
 32  76
 32  79
 32  82
 32  83
 32  85
 32  86
 32  87
 32  88
 32  90
 32  91
 32  92
 32  93
 32  94
 32  99
 32 101
 32 105
 32 108
 32 109
 32 110
 32 111
 32 117
 32 118
 32 119
 32 120
 32 121
 32 122
 32 123
 32 128
 32 134
 32 137
 32 147
 32 150
 32 151
 32 152
 32 154
 32 156
 32 157
 32 158
 32 159
 32 164
 32 165
 32 166
 32 167
 32 169
 32 170
 32 171
 32 173
 32 176
 32 177
 32 180
 32 181
 32 188
 32 190
 32 194
 32 195
 32 196
 32 197
 32 198
 32 201
 32 202
 32 203
 32 204
 32 207
 32 208
 32 209
 32 210
 32 211
 32 213
 32 215
 32 218
 32 219
 32 220
 32 222
 32 223
 32 227
 32 228
 32 231
 32 232
 32 233
 32 235
 32 236
 32 237
 32 240
 32 241
 32 242
 32 243
 32 245
 32 246
 32 247
 32 249
 32 250
 32 251
 32 252
 32 253
 32 254
 32 255
 32 256
 32 257
 32 262
 32 263
 32 266
 32 267
 32 275
 32 276
 32 281
 32 282
 32 285
 32 287
 32 288
 32 289
 32 291
 32 292
 32 293
 32 294
 32 299
 32 300
 33 112
 33 161
 33 163
 33 174
 33 238
 33 264
 33 269
 33 278
 33 295
 34  40
 34  68
 34  95
 34 113
 34 131
 34 160
 34 162
 34 205
 34 239
 34 259
 34 265
 34 272
 35  74
 35 290
 36  43
 36  46
 36  52
 36  56
 36  58
 36  61
 36  62
 36  65
 36  66
 36  69
 36  70
 36  75
 36  76
 36  77
 36  78
 36  79
 36  82
 36  83
 36  85
 36  86
 36  87
 36  88
 36  90
 36  91
 36  92
 36  93
 36  94
 36  99
 36 101
 36 103
 36 104
 36 105
 36 108
 36 109
 36 111
 36 117
 36 118
 36 120
 36 121
 36 122
 36 123
 36 127
 36 134
 36 137
 36 147
 36 150
 36 151
 36 154
 36 156
 36 157
 36 158
 36 159
 36 164
 36 165
 36 166
 36 167
 36 169
 36 170
 36 171
 36 173
 36 176
 36 177
 36 180
 36 181
 36 188
 36 190
 36 194
 36 195
 36 197
 36 198
 36 201
 36 202
 36 203
 36 204
 36 207
 36 208
 36 209
 36 210
 36 212
 36 213
 36 214
 36 215
 36 219
 36 220
 36 223
 36 227
 36 231
 36 232
 36 233
 36 235
 36 236
 36 237
 36 242
 36 243
 36 245
 36 246
 36 247
 36 248
 36 249
 36 250
 36 251
 36 253
 36 255
 36 256
 36 257
 36 262
 36 263
 36 266
 36 267
 36 275
 36 276
 36 281
 36 282
 36 285
 36 288
 36 289
 36 291
 36 293
 36 294
 37  40
 37  68
 37 126
 37 131
 37 138
 37 155
 37 160
 37 162
 37 239
 37 260
 37 272
 37 277
 38  44
 38 112
 38 116
 38 141
 38 144
 38 163
 38 174
 38 175
 38 178
 38 187
 38 224
 38 238
 38 270
 38 278
 38 280
 39  45
 39  47
 39  54
 39  59
 39  68
 39  71
 39  74
 39  81
 39  95
 39 100
 39 106
 39 131
 39 133
 39 135
 39 138
 39 155
 39 160
 39 168
 39 186
 39 189
 39 192
 39 205
 39 230
 39 266
 39 272
 39 273
 40  95
 40 162
 40 191
 40 272
 41  44
 41  48
 41  80
 41  96
 41  98
 41 107
 41 112
 41 116
 41 129
 41 130
 41 136
 41 140
 41 142
 41 161
 41 163
 41 174
 41 175
 41 185
 41 187
 41 189
 41 206
 41 238
 41 261
 41 264
 41 269
 41 270
 41 278
 41 295
 42 182
 43  46
 43  49
 43  52
 43  56
 43  58
 43  61
 43  62
 43  65
 43  66
 43  70
 43  75
 43  78
 43  79
 43  82
 43  83
 43  85
 43  86
 43  87
 43  88
 43  90
 43  91
 43  92
 43  93
 43  94
 43  97
 43  99
 43 101
 43 103
 43 105
 43 108
 43 109
 43 110
 43 111
 43 114
 43 117
 43 118
 43 120
 43 121
 43 122
 43 127
 43 128
 43 134
 43 147
 43 150
 43 151
 43 152
 43 156
 43 157
 43 158
 43 159
 43 164
 43 165
 43 166
 43 167
 43 169
 43 173
 43 177
 43 180
 43 181
 43 190
 43 194
 43 195
 43 196
 43 197
 43 198
 43 201
 43 202
 43 203
 43 204
 43 207
 43 208
 43 209
 43 211
 43 212
 43 215
 43 219
 43 220
 43 222
 43 228
 43 231
 43 233
 43 235
 43 236
 43 242
 43 243
 43 246
 43 247
 43 249
 43 250
 43 251
 43 252
 43 253
 43 254
 43 255
 43 257
 43 262
 43 266
 43 267
 43 276
 43 282
 43 287
 43 288
 43 289
 43 291
 43 292
 43 293
 43 294
 43 299
 44  48
 44  50
 44  53
 44  64
 44  67
 44  72
 44  80
 44  96
 44  98
 44 107
 44 112
 44 116
 44 129
 44 130
 44 136
 44 140
 44 142
 44 153
 44 163
 44 174
 44 175
 44 178
 44 187
 44 189
 44 199
 44 205
 44 206
 44 224
 44 225
 44 238
 44 258
 44 261
 44 269
 44 270
 44 280
 44 283
 44 295
 45  54
 45  68
 45  74
 45  81
 45  95
 45 100
 45 106
 45 131
 45 133
 45 135
 45 155
 45 186
 45 221
 45 230
 45 259
 45 260
 45 271
 45 298
 46  49
 46  51
 46  52
 46  56
 46  58
 46  61
 46  62
 46  63
 46  65
 46  66
 46  69
 46  70
 46  76
 46  77
 46  78
 46  79
 46  82
 46  83
 46  85
 46  86
 46  87
 46  88
 46  90
 46  91
 46  92
 46  94
 46  99
 46 101
 46 103
 46 105
 46 108
 46 109
 46 110
 46 111
 46 117
 46 120
 46 121
 46 122
 46 123
 46 127
 46 128
 46 132
 46 134
 46 137
 46 147
 46 150
 46 151
 46 152
 46 156
 46 157
 46 158
 46 159
 46 164
 46 165
 46 166
 46 167
 46 169
 46 170
 46 171
 46 173
 46 176
 46 177
 46 180
 46 181
 46 188
 46 194
 46 195
 46 196
 46 197
 46 198
 46 201
 46 202
 46 203
 46 204
 46 207
 46 208
 46 210
 46 211
 46 212
 46 213
 46 215
 46 218
 46 219
 46 222
 46 223
 46 227
 46 228
 46 231
 46 232
 46 233
 46 235
 46 237
 46 240
 46 242
 46 243
 46 245
 46 247
 46 248
 46 249
 46 250
 46 251
 46 252
 46 253
 46 254
 46 255
 46 256
 46 257
 46 262
 46 263
 46 266
 46 267
 46 274
 46 275
 46 276
 46 281
 46 282
 46 285
 46 287
 46 288
 46 289
 46 292
 46 293
 46 294
 46 299
 46 300
 47  68
 47  74
 47  95
 47 113
 47 115
 47 131
 47 133
 47 135
 47 138
 47 155
 47 160
 47 162
 47 184
 47 186
 47 205
 47 230
 47 259
 47 260
 47 265
 47 272
 47 290
 48  53
 48  67
 48  72
 48  80
 48  96
 48  98
 48 107
 48 112
 48 116
 48 129
 48 130
 48 136
 48 140
 48 142
 48 161
 48 163
 48 174
 48 175
 48 178
 48 187
 48 189
 48 206
 48 224
 48 225
 48 238
 48 261
 48 264
 48 270
 48 278
 48 280
 48 283
 49  52
 49  58
 49  61
 49  62
 49  63
 49  65
 49  66
 49  69
 49  70
 49  75
 49  76
 49  77
 49  78
 49  79
 49  87
 49  88
 49  90
 49  91
 49  92
 49  93
 49  94
 49  99
 49 101
 49 103
 49 105
 49 108
 49 109
 49 111
 49 117
 49 118
 49 120
 49 122
 49 125
 49 127
 49 128
 49 134
 49 137
 49 147
 49 150
 49 151
 49 154
 49 156
 49 157
 49 158
 49 159
 49 164
 49 165
 49 166
 49 167
 49 169
 49 170
 49 171
 49 173
 49 176
 49 177
 49 188
 49 190
 49 194
 49 195
 49 196
 49 197
 49 198
 49 201
 49 203
 49 207
 49 208
 49 209
 49 210
 49 211
 49 212
 49 213
 49 215
 49 219
 49 220
 49 223
 49 228
 49 231
 49 232
 49 233
 49 235
 49 236
 49 237
 49 242
 49 243
 49 245
 49 246
 49 247
 49 249
 49 250
 49 253
 49 254
 49 256
 49 257
 49 262
 49 263
 49 266
 49 267
 49 275
 49 276
 49 281
 49 282
 49 285
 49 287
 49 288
 49 289
 49 291
 49 294
 50  67
 50  80
 50 112
 50 129
 50 130
 50 139
 50 142
 50 178
 50 185
 50 187
 50 206
 50 224
 50 225
 50 270
 50 280
 51  56
 51  58
 51  63
 51  70
 51  76
 51  78
 51  85
 51  88
 51  93
 51  94
 51 105
 51 118
 51 120
 51 121
 51 122
 51 128
 51 132
 51 134
 51 150
 51 151
 51 152
 51 156
 51 157
 51 159
 51 164
 51 165
 51 166
 51 167
 51 169
 51 171
 51 173
 51 177
 51 180
 51 188
 51 196
 51 197
 51 198
 51 203
 51 209
 51 210
 51 211
 51 219
 51 220
 51 222
 51 223
 51 231
 51 232
 51 233
 51 235
 51 236
 51 240
 51 241
 51 245
 51 246
 51 247
 51 248
 51 249
 51 250
 51 252
 51 253
 51 254
 51 263
 51 267
 51 275
 51 276
 51 281
 51 282
 51 285
 51 287
 51 288
 51 289
 51 291
 51 300
 52  56
 52  58
 52  60
 52  61
 52  62
 52  63
 52  65
 52  66
 52  69
 52  70
 52  75
 52  76
 52  77
 52  78
 52  79
 52  82
 52  83
 52  84
 52  85
 52  86
 52  87
 52  88
 52  89
 52  90
 52  91
 52  92
 52  93
 52  94
 52  97
 52 101
 52 103
 52 104
 52 105
 52 108
 52 109
 52 110
 52 111
 52 114
 52 117
 52 118
 52 119
 52 120
 52 121
 52 122
 52 123
 52 127
 52 128
 52 132
 52 134
 52 137
 52 147
 52 150
 52 151
 52 156
 52 157
 52 158
 52 164
 52 165
 52 166
 52 167
 52 169
 52 170
 52 171
 52 177
 52 180
 52 188
 52 190
 52 193
 52 194
 52 195
 52 196
 52 197
 52 198
 52 201
 52 202
 52 203
 52 204
 52 207
 52 208
 52 209
 52 210
 52 211
 52 212
 52 213
 52 214
 52 215
 52 219
 52 220
 52 223
 52 227
 52 228
 52 231
 52 232
 52 233
 52 235
 52 236
 52 237
 52 240
 52 241
 52 242
 52 243
 52 245
 52 246
 52 247
 52 248
 52 250
 52 251
 52 252
 52 254
 52 255
 52 256
 52 257
 52 262
 52 263
 52 266
 52 267
 52 275
 52 276
 52 281
 52 282
 52 285
 52 287
 52 291
 52 292
 52 293
 52 294
 52 299
 53  67
 53  80
 53  98
 53 107
 53 116
 53 129
 53 140
 53 142
 53 163
 53 174
 53 178
 53 189
 53 206
 53 224
 53 261
 53 269
 53 280
 53 295
 54  68
 54  74
 54  81
 54  95
 54 100
 54 106
 54 131
 54 133
 54 135
 54 143
 54 155
 54 186
 54 191
 54 205
 54 221
 54 259
 54 260
 54 271
 55 182
 55 190
 55 285
 56  58
 56  60
 56  61
 56  62
 56  63
 56  65
 56  66
 56  69
 56  70
 56  75
 56  76
 56  77
 56  78
 56  79
 56  82
 56  83
 56  84
 56  85
 56  86
 56  87
 56  88
 56  90
 56  91
 56  92
 56  93
 56  94
 56  97
 56  99
 56 101
 56 103
 56 104
 56 105
 56 108
 56 109
 56 110
 56 111
 56 114
 56 117
 56 118
 56 120
 56 121
 56 122
 56 125
 56 127
 56 128
 56 132
 56 134
 56 137
 56 147
 56 148
 56 150
 56 151
 56 152
 56 154
 56 156
 56 157
 56 158
 56 159
 56 164
 56 165
 56 166
 56 167
 56 169
 56 170
 56 171
 56 173
 56 176
 56 177
 56 181
 56 188
 56 190
 56 193
 56 194
 56 195
 56 196
 56 197
 56 198
 56 201
 56 202
 56 203
 56 204
 56 207
 56 208
 56 209
 56 210
 56 211
 56 212
 56 213
 56 214
 56 215
 56 218
 56 219
 56 220
 56 222
 56 223
 56 227
 56 228
 56 231
 56 232
 56 233
 56 235
 56 236
 56 237
 56 240
 56 241
 56 242
 56 243
 56 245
 56 246
 56 247
 56 248
 56 249
 56 250
 56 251
 56 253
 56 254
 56 255
 56 256
 56 257
 56 262
 56 263
 56 266
 56 267
 56 274
 56 275
 56 276
 56 281
 56 282
 56 285
 56 287
 56 288
 56 289
 56 291
 56 292
 56 294
 56 297
 56 299
 56 300
 57  89
 57 217
 57 242
 57 299
 58  60
 58  61
 58  62
 58  63
 58  65
 58  70
 58  75
 58  77
 58  78
 58  79
 58  82
 58  83
 58  84
 58  85
 58  86
 58  87
 58  90
 58  91
 58  92
 58  93
 58  97
 58  99
 58 101
 58 103
 58 104
 58 107
 58 108
 58 109
 58 110
 58 114
 58 118
 58 119
 58 120
 58 121
 58 123
 58 125
 58 127
 58 128
 58 132
 58 134
 58 137
 58 147
 58 148
 58 150
 58 152
 58 154
 58 158
 58 159
 58 164
 58 165
 58 166
 58 169
 58 171
 58 173
 58 176
 58 177
 58 180
 58 181
 58 188
 58 190
 58 193
 58 194
 58 195
 58 197
 58 198
 58 201
 58 203
 58 204
 58 207
 58 209
 58 210
 58 211
 58 212
 58 213
 58 214
 58 218
 58 219
 58 220
 58 222
 58 223
 58 227
 58 228
 58 231
 58 232
 58 233
 58 235
 58 236
 58 237
 58 240
 58 241
 58 242
 58 243
 58 245
 58 246
 58 247
 58 248
 58 249
 58 250
 58 251
 58 252
 58 253
 58 254
 58 255
 58 257
 58 262
 58 263
 58 266
 58 267
 58 274
 58 275
 58 276
 58 281
 58 282
 58 285
 58 287
 58 288
 58 289
 58 291
 58 292
 58 293
 58 294
 58 297
 58 299
 58 300
 59  81
 59 100
 59 106
 59 155
 60  62
 60  63
 60  65
 60  76
 60  78
 60  79
 60  84
 60  87
 60  88
 60  90
 60  91
 60  94
 60 101
 60 108
 60 110
 60 111
 60 118
 60 119
 60 120
 60 128
 60 132
 60 147
 60 151
 60 156
 60 157
 60 165
 60 166
 60 173
 60 188
 60 190
 60 193
 60 196
 60 197
 60 198
 60 203
 60 211
 60 215
 60 218
 60 219
 60 220
 60 228
 60 232
 60 233
 60 235
 60 237
 60 240
 60 241
 60 245
 60 252
 60 275
 60 276
 60 285
 60 287
 60 289
 60 291
 60 294
 60 299
 61  65
 61  66
 61  69
 61  75
 61  76
 61  77
 61  78
 61  83
 61  86
 61  87
 61  88
 61  90
 61  91
 61  92
 61  93
 61  94
 61  99
 61 101
 61 103
 61 105
 61 108
 61 109
 61 110
 61 111
 61 117
 61 118
 61 119
 61 120
 61 121
 61 122
 61 123
 61 125
 61 127
 61 128
 61 132
 61 134
 61 137
 61 147
 61 151
 61 152
 61 154
 61 156
 61 157
 61 158
 61 159
 61 164
 61 165
 61 166
 61 167
 61 169
 61 170
 61 171
 61 173
 61 177
 61 180
 61 181
 61 190
 61 193
 61 196
 61 198
 61 201
 61 203
 61 204
 61 207
 61 208
 61 209
 61 210
 61 211
 61 212
 61 213
 61 215
 61 219
 61 220
 61 222
 61 223
 61 228
 61 231
 61 232
 61 233
 61 235
 61 236
 61 237
 61 240
 61 241
 61 243
 61 245
 61 246
 61 248
 61 249
 61 250
 61 251
 61 252
 61 253
 61 254
 61 256
 61 257
 61 263
 61 267
 61 274
 61 275
 61 276
 61 282
 61 285
 61 287
 61 288
 61 289
 61 291
 61 292
 61 293
 61 297
 61 299
 61 300
 62  65
 62  66
 62  69
 62  75
 62  76
 62  78
 62  83
 62  84
 62  86
 62  87
 62  88
 62  90
 62  91
 62  92
 62  93
 62  94
 62  97
 62  99
 62 101
 62 103
 62 105
 62 108
 62 109
 62 110
 62 111
 62 114
 62 117
 62 118
 62 119
 62 120
 62 121
 62 122
 62 127
 62 128
 62 132
 62 134
 62 137
 62 147
 62 151
 62 152
 62 154
 62 156
 62 157
 62 158
 62 159
 62 164
 62 165
 62 166
 62 167
 62 169
 62 170
 62 171
 62 173
 62 176
 62 177
 62 180
 62 181
 62 190
 62 193
 62 196
 62 198
 62 201
 62 202
 62 203
 62 204
 62 207
 62 208
 62 209
 62 210
 62 211
 62 212
 62 213
 62 215
 62 218
 62 219
 62 220
 62 222
 62 223
 62 227
 62 228
 62 231
 62 232
 62 233
 62 235
 62 236
 62 237
 62 240
 62 241
 62 243
 62 245
 62 246
 62 248
 62 249
 62 250
 62 251
 62 252
 62 253
 62 254
 62 256
 62 257
 62 262
 62 263
 62 267
 62 274
 62 275
 62 276
 62 282
 62 285
 62 287
 62 288
 62 289
 62 291
 62 293
 62 299
 62 300
 63  65
 63  66
 63  69
 63  75
 63  76
 63  77
 63  78
 63  83
 63  84
 63  87
 63  88
 63  90
 63  91
 63  93
 63  94
 63  99
 63 101
 63 103
 63 105
 63 108
 63 110
 63 111
 63 114
 63 117
 63 118
 63 119
 63 120
 63 121
 63 122
 63 127
 63 128
 63 132
 63 134
 63 137
 63 147
 63 151
 63 152
 63 154
 63 156
 63 157
 63 158
 63 159
 63 164
 63 165
 63 166
 63 167
 63 169
 63 170
 63 171
 63 173
 63 176
 63 177
 63 180
 63 190
 63 193
 63 196
 63 198
 63 203
 63 204
 63 207
 63 208
 63 209
 63 210
 63 211
 63 212
 63 213
 63 215
 63 218
 63 219
 63 220
 63 222
 63 223
 63 228
 63 232
 63 233
 63 235
 63 236
 63 237
 63 240
 63 241
 63 243
 63 245
 63 246
 63 248
 63 249
 63 250
 63 252
 63 253
 63 254
 63 256
 63 257
 63 262
 63 263
 63 267
 63 275
 63 276
 63 282
 63 285
 63 287
 63 288
 63 289
 63 291
 63 293
 63 297
 63 299
 63 300
 64  67
 64  72
 64  80
 64  98
 64 107
 64 130
 64 136
 64 140
 64 175
 64 187
 64 189
 64 206
 64 216
 64 224
 64 261
 64 270
 65  66
 65  69
 65  70
 65  75
 65  76
 65  77
 65  78
 65  79
 65  82
 65  84
 65  85
 65  87
 65  88
 65  89
 65  90
 65  91
 65  92
 65  93
 65  94
 65  97
 65  99
 65 101
 65 103
 65 105
 65 108
 65 109
 65 110
 65 111
 65 114
 65 117
 65 118
 65 119
 65 120
 65 121
 65 122
 65 123
 65 127
 65 128
 65 132
 65 134
 65 137
 65 150
 65 151
 65 152
 65 154
 65 156
 65 157
 65 158
 65 159
 65 164
 65 165
 65 166
 65 167
 65 169
 65 170
 65 171
 65 173
 65 176
 65 177
 65 180
 65 181
 65 188
 65 190
 65 193
 65 194
 65 195
 65 196
 65 197
 65 198
 65 201
 65 202
 65 204
 65 207
 65 208
 65 209
 65 210
 65 212
 65 213
 65 214
 65 215
 65 218
 65 219
 65 220
 65 222
 65 223
 65 227
 65 228
 65 231
 65 232
 65 233
 65 235
 65 236
 65 237
 65 240
 65 241
 65 242
 65 243
 65 245
 65 246
 65 247
 65 248
 65 249
 65 250
 65 251
 65 252
 65 253
 65 254
 65 255
 65 256
 65 257
 65 262
 65 263
 65 266
 65 274
 65 275
 65 276
 65 281
 65 285
 65 287
 65 288
 65 289
 65 291
 65 292
 65 293
 65 294
 65 297
 65 299
 66  70
 66  75
 66  77
 66  78
 66  79
 66  82
 66  83
 66  85
 66  86
 66  87
 66  90
 66  91
 66  92
 66  93
 66  97
 66  99
 66 101
 66 103
 66 104
 66 108
 66 109
 66 110
 66 114
 66 118
 66 119
 66 120
 66 121
 66 127
 66 128
 66 132
 66 134
 66 137
 66 147
 66 150
 66 152
 66 154
 66 158
 66 159
 66 164
 66 165
 66 166
 66 169
 66 171
 66 173
 66 176
 66 177
 66 180
 66 181
 66 188
 66 190
 66 193
 66 194
 66 195
 66 197
 66 198
 66 203
 66 204
 66 207
 66 209
 66 210
 66 211
 66 212
 66 213
 66 214
 66 218
 66 219
 66 220
 66 222
 66 223
 66 227
 66 228
 66 231
 66 232
 66 233
 66 235
 66 236
 66 237
 66 240
 66 241
 66 243
 66 245
 66 246
 66 247
 66 248
 66 249
 66 250
 66 251
 66 252
 66 253
 66 254
 66 255
 66 257
 66 262
 66 263
 66 266
 66 267
 66 274
 66 275
 66 276
 66 281
 66 282
 66 285
 66 287
 66 288
 66 289
 66 291
 66 292
 66 293
 66 294
 66 297
 66 299
 67  72
 67  80
 67  94
 67  96
 67  98
 67 107
 67 112
 67 116
 67 129
 67 130
 67 136
 67 140
 67 142
 67 157
 67 163
 67 174
 67 175
 67 177
 67 187
 67 189
 67 206
 67 216
 67 225
 67 232
 67 238
 67 258
 67 261
 67 264
 67 269
 67 270
 67 295
 68  74
 68  81
 68  95
 68 100
 68 106
 68 107
 68 115
 68 124
 68 133
 68 135
 68 138
 68 143
 68 155
 68 162
 68 168
 68 184
 68 186
 68 191
 68 192
 68 205
 68 221
 68 230
 68 239
 68 259
 68 260
 68 271
 68 272
 68 273
 68 298
 69  70
 69  75
 69  77
 69  78
 69  79
 69  82
 69  83
 69  85
 69  86
 69  87
 69  90
 69  91
 69  92
 69  93
 69  99
 69 101
 69 103
 69 108
 69 109
 69 110
 69 118
 69 120
 69 121
 69 123
 69 125
 69 127
 69 128
 69 134
 69 137
 69 147
 69 148
 69 150
 69 152
 69 154
 69 158
 69 159
 69 164
 69 165
 69 166
 69 169
 69 171
 69 173
 69 176
 69 177
 69 180
 69 181
 69 188
 69 190
 69 195
 69 197
 69 198
 69 201
 69 203
 69 207
 69 209
 69 210
 69 211
 69 212
 69 213
 69 214
 69 219
 69 220
 69 222
 69 223
 69 231
 69 232
 69 233
 69 235
 69 236
 69 237
 69 240
 69 241
 69 243
 69 245
 69 246
 69 247
 69 248
 69 249
 69 250
 69 252
 69 253
 69 254
 69 255
 69 257
 69 262
 69 263
 69 266
 69 267
 69 275
 69 276
 69 281
 69 282
 69 285
 69 287
 69 288
 69 289
 69 291
 69 293
 69 300
 70  75
 70  76
 70  77
 70  78
 70  83
 70  86
 70  87
 70  88
 70  90
 70  91
 70  92
 70  93
 70  94
 70  97
 70  99
 70 101
 70 103
 70 104
 70 105
 70 108
 70 109
 70 110
 70 111
 70 114
 70 117
 70 118
 70 120
 70 121
 70 122
 70 123
 70 127
 70 128
 70 134
 70 137
 70 147
 70 148
 70 151
 70 152
 70 154
 70 156
 70 157
 70 158
 70 159
 70 164
 70 165
 70 166
 70 167
 70 169
 70 170
 70 171
 70 173
 70 176
 70 177
 70 180
 70 181
 70 190
 70 196
 70 198
 70 201
 70 202
 70 203
 70 204
 70 207
 70 208
 70 209
 70 210
 70 211
 70 212
 70 213
 70 214
 70 215
 70 219
 70 220
 70 222
 70 223
 70 227
 70 228
 70 231
 70 232
 70 233
 70 235
 70 236
 70 237
 70 240
 70 241
 70 243
 70 245
 70 246
 70 248
 70 249
 70 250
 70 251
 70 252
 70 253
 70 254
 70 256
 70 257
 70 262
 70 263
 70 267
 70 274
 70 275
 70 276
 70 282
 70 285
 70 287
 70 288
 70 289
 70 291
 70 292
 70 293
 70 299
 70 300
 71 100
 71 131
 71 138
 71 205
 71 230
 72  80
 72  98
 72 107
 72 116
 72 129
 72 140
 72 142
 72 163
 72 174
 72 178
 72 189
 72 206
 72 224
 72 229
 72 258
 72 261
 72 269
 72 280
 72 295
 73  96
 73 129
 73 136
 73 140
 73 142
 74  81
 74  95
 74 100
 74 106
 74 131
 74 133
 74 135
 74 138
 74 155
 74 162
 74 168
 74 183
 74 184
 74 186
 74 191
 74 205
 74 221
 74 230
 74 234
 74 239
 74 259
 74 260
 74 290
 74 298
 75  76
 75  77
 75  78
 75  79
 75  82
 75  83
 75  85
 75  86
 75  87
 75  88
 75  90
 75  91
 75  92
 75  94
 75  97
 75  99
 75 101
 75 103
 75 105
 75 108
 75 109
 75 110
 75 111
 75 114
 75 117
 75 119
 75 120
 75 121
 75 122
 75 123
 75 125
 75 127
 75 128
 75 132
 75 134
 75 137
 75 147
 75 148
 75 150
 75 151
 75 152
 75 156
 75 157
 75 158
 75 159
 75 164
 75 165
 75 166
 75 167
 75 169
 75 170
 75 171
 75 173
 75 176
 75 177
 75 180
 75 181
 75 188
 75 194
 75 195
 75 196
 75 197
 75 198
 75 201
 75 202
 75 203
 75 204
 75 207
 75 208
 75 210
 75 211
 75 212
 75 213
 75 214
 75 215
 75 218
 75 219
 75 222
 75 223
 75 227
 75 228
 75 231
 75 232
 75 233
 75 235
 75 237
 75 240
 75 242
 75 243
 75 245
 75 247
 75 248
 75 249
 75 250
 75 251
 75 252
 75 253
 75 254
 75 255
 75 256
 75 257
 75 262
 75 263
 75 266
 75 267
 75 274
 75 275
 75 276
 75 281
 75 282
 75 285
 75 287
 75 288
 75 289
 75 292
 75 293
 75 294
 75 300
 76  78
 76  79
 76  82
 76  84
 76  85
 76  87
 76  90
 76  91
 76  93
 76  99
 76 101
 76 103
 76 104
 76 108
 76 109
 76 110
 76 118
 76 119
 76 120
 76 121
 76 127
 76 128
 76 132
 76 134
 76 137
 76 147
 76 150
 76 152
 76 154
 76 158
 76 159
 76 164
 76 165
 76 166
 76 169
 76 171
 76 173
 76 177
 76 180
 76 181
 76 188
 76 190
 76 194
 76 197
 76 198
 76 201
 76 203
 76 204
 76 207
 76 209
 76 210
 76 211
 76 212
 76 213
 76 218
 76 219
 76 220
 76 222
 76 223
 76 227
 76 228
 76 231
 76 232
 76 233
 76 235
 76 236
 76 237
 76 240
 76 241
 76 242
 76 243
 76 245
 76 246
 76 247
 76 248
 76 249
 76 250
 76 251
 76 252
 76 253
 76 254
 76 257
 76 262
 76 263
 76 267
 76 274
 76 275
 76 276
 76 281
 76 282
 76 285
 76 287
 76 288
 76 289
 76 291
 76 292
 76 293
 76 294
 76 297
 76 299
 76 300
 77  78
 77  79
 77  82
 77  83
 77  85
 77  87
 77  88
 77  90
 77  91
 77  92
 77  93
 77  94
 77 101
 77 103
 77 105
 77 108
 77 109
 77 111
 77 117
 77 118
 77 120
 77 121
 77 125
 77 127
 77 128
 77 132
 77 137
 77 150
 77 151
 77 154
 77 156
 77 157
 77 158
 77 159
 77 165
 77 166
 77 167
 77 169
 77 170
 77 171
 77 173
 77 180
 77 181
 77 190
 77 194
 77 195
 77 197
 77 198
 77 203
 77 204
 77 207
 77 208
 77 209
 77 210
 77 212
 77 215
 77 219
 77 220
 77 223
 77 231
 77 232
 77 233
 77 235
 77 236
 77 237
 77 240
 77 243
 77 245
 77 246
 77 247
 77 248
 77 249
 77 250
 77 252
 77 253
 77 254
 77 255
 77 266
 77 267
 77 275
 77 276
 77 281
 77 285
 77 287
 77 288
 77 289
 77 291
 77 293
 78  79
 78  82
 78  83
 78  85
 78  86
 78  87
 78  88
 78  90
 78  91
 78  92
 78  93
 78  94
 78  97
 78  99
 78 101
 78 104
 78 105
 78 108
 78 109
 78 110
 78 111
 78 114
 78 117
 78 118
 78 119
 78 120
 78 121
 78 122
 78 123
 78 125
 78 127
 78 128
 78 134
 78 137
 78 147
 78 148
 78 150
 78 151
 78 152
 78 154
 78 156
 78 157
 78 158
 78 159
 78 164
 78 165
 78 166
 78 167
 78 169
 78 170
 78 171
 78 173
 78 176
 78 177
 78 180
 78 181
 78 188
 78 190
 78 193
 78 194
 78 195
 78 196
 78 197
 78 198
 78 201
 78 202
 78 203
 78 204
 78 207
 78 208
 78 209
 78 210
 78 211
 78 213
 78 214
 78 215
 78 219
 78 220
 78 222
 78 223
 78 227
 78 228
 78 231
 78 232
 78 233
 78 235
 78 236
 78 237
 78 240
 78 241
 78 242
 78 243
 78 245
 78 246
 78 247
 78 249
 78 250
 78 251
 78 252
 78 253
 78 254
 78 255
 78 256
 78 257
 78 262
 78 263
 78 266
 78 267
 78 274
 78 275
 78 276
 78 281
 78 282
 78 285
 78 287
 78 288
 78 289
 78 291
 78 292
 78 293
 78 294
 78 297
 78 299
 78 300
 79  83
 79  84
 79  86
 79  87
 79  88
 79  90
 79  91
 79  92
 79  93
 79  94
 79  97
 79  99
 79 101
 79 103
 79 104
 79 105
 79 108
 79 109
 79 110
 79 111
 79 114
 79 117
 79 118
 79 119
 79 120
 79 121
 79 122
 79 123
 79 127
 79 128
 79 132
 79 134
 79 137
 79 147
 79 148
 79 151
 79 152
 79 156
 79 157
 79 158
 79 159
 79 164
 79 165
 79 166
 79 167
 79 169
 79 170
 79 171
 79 173
 79 176
 79 177
 79 180
 79 181
 79 190
 79 193
 79 196
 79 198
 79 201
 79 202
 79 203
 79 204
 79 207
 79 208
 79 209
 79 210
 79 211
 79 212
 79 213
 79 214
 79 215
 79 218
 79 219
 79 220
 79 222
 79 223
 79 227
 79 228
 79 231
 79 232
 79 233
 79 235
 79 236
 79 237
 79 240
 79 241
 79 243
 79 245
 79 246
 79 248
 79 249
 79 250
 79 251
 79 252
 79 253
 79 254
 79 256
 79 257
 79 262
 79 263
 79 267
 79 274
 79 275
 79 276
 79 282
 79 285
 79 287
 79 288
 79 289
 79 291
 79 292
 79 293
 79 297
 79 299
 79 300
 80  96
 80  98
 80 107
 80 112
 80 129
 80 130
 80 131
 80 136
 80 140
 80 142
 80 153
 80 163
 80 178
 80 187
 80 189
 80 199
 80 205
 80 216
 80 224
 80 225
 80 238
 80 258
 80 261
 80 269
 80 270
 80 280
 80 283
 80 295
 81  95
 81 106
 81 131
 81 135
 81 138
 81 186
 81 205
 81 230
 81 259
 81 260
 81 271
 81 290
 81 298
 82  83
 82  84
 82  86
 82  87
 82  88
 82  90
 82  91
 82  92
 82  93
 82  94
 82  97
 82  99
 82 101
 82 103
 82 105
 82 108
 82 109
 82 110
 82 111
 82 114
 82 117
 82 118
 82 120
 82 121
 82 122
 82 123
 82 127
 82 128
 82 134
 82 137
 82 147
 82 151
 82 152
 82 154
 82 156
 82 157
 82 158
 82 159
 82 164
 82 165
 82 166
 82 167
 82 169
 82 170
 82 171
 82 173
 82 177
 82 180
 82 181
 82 190
 82 193
 82 196
 82 198
 82 201
 82 202
 82 203
 82 204
 82 207
 82 208
 82 209
 82 210
 82 211
 82 212
 82 213
 82 215
 82 219
 82 220
 82 223
 82 227
 82 228
 82 231
 82 232
 82 233
 82 235
 82 236
 82 237
 82 241
 82 243
 82 245
 82 246
 82 248
 82 249
 82 250
 82 251
 82 252
 82 253
 82 254
 82 256
 82 257
 82 262
 82 263
 82 267
 82 274
 82 275
 82 276
 82 282
 82 285
 82 287
 82 288
 82 289
 82 291
 82 292
 82 293
 82 297
 82 299
 83  85
 83  87
 83  88
 83  90
 83  91
 83  92
 83  93
 83  94
 83  99
 83 101
 83 103
 83 104
 83 105
 83 108
 83 109
 83 110
 83 114
 83 118
 83 119
 83 120
 83 121
 83 122
 83 127
 83 128
 83 132
 83 137
 83 150
 83 151
 83 154
 83 156
 83 157
 83 158
 83 159
 83 165
 83 166
 83 167
 83 169
 83 170
 83 171
 83 173
 83 176
 83 177
 83 180
 83 181
 83 188
 83 190
 83 193
 83 194
 83 195
 83 196
 83 197
 83 198
 83 202
 83 204
 83 207
 83 208
 83 209
 83 210
 83 212
 83 213
 83 214
 83 215
 83 219
 83 220
 83 222
 83 223
 83 228
 83 231
 83 232
 83 233
 83 235
 83 236
 83 237
 83 240
 83 242
 83 243
 83 245
 83 246
 83 247
 83 248
 83 249
 83 250
 83 252
 83 253
 83 254
 83 255
 83 256
 83 257
 83 262
 83 263
 83 266
 83 274
 83 275
 83 276
 83 281
 83 285
 83 287
 83 288
 83 289
 83 291
 83 292
 83 293
 83 294
 83 299
 84  85
 84  87
 84  88
 84  91
 84  93
 84  94
 84  97
 84 101
 84 105
 84 108
 84 110
 84 111
 84 117
 84 118
 84 119
 84 120
 84 128
 84 132
 84 147
 84 150
 84 151
 84 152
 84 156
 84 157
 84 164
 84 167
 84 171
 84 173
 84 177
 84 188
 84 190
 84 193
 84 194
 84 196
 84 197
 84 198
 84 203
 84 211
 84 212
 84 215
 84 218
 84 220
 84 228
 84 232
 84 233
 84 235
 84 237
 84 241
 84 242
 84 245
 84 246
 84 250
 84 252
 84 253
 84 255
 84 263
 84 266
 84 267
 84 275
 84 276
 84 282
 84 285
 84 291
 84 294
 84 299
 85  86
 85  87
 85  88
 85  90
 85  91
 85  93
 85  94
 85  99
 85 101
 85 103
 85 104
 85 105
 85 108
 85 109
 85 110
 85 111
 85 114
 85 117
 85 118
 85 119
 85 120
 85 121
 85 122
 85 123
 85 127
 85 128
 85 132
 85 134
 85 137
 85 147
 85 151
 85 152
 85 154
 85 156
 85 157
 85 158
 85 159
 85 164
 85 165
 85 166
 85 167
 85 169
 85 170
 85 171
 85 173
 85 176
 85 177
 85 180
 85 190
 85 193
 85 196
 85 198
 85 202
 85 203
 85 204
 85 207
 85 208
 85 209
 85 210
 85 211
 85 212
 85 213
 85 214
 85 215
 85 218
 85 219
 85 220
 85 222
 85 223
 85 227
 85 228
 85 231
 85 232
 85 233
 85 235
 85 236
 85 237
 85 240
 85 241
 85 243
 85 245
 85 246
 85 248
 85 249
 85 250
 85 251
 85 252
 85 253
 85 254
 85 256
 85 257
 85 262
 85 263
 85 267
 85 274
 85 275
 85 276
 85 282
 85 285
 85 287
 85 288
 85 289
 85 291
 85 292
 85 293
 85 297
 85 299
 85 300
 86  87
 86  88
 86  90
 86  91
 86  92
 86  93
 86  94
 86  97
 86  99
 86 101
 86 103
 86 105
 86 108
 86 109
 86 111
 86 114
 86 117
 86 118
 86 120
 86 121
 86 122
 86 127
 86 128
 86 134
 86 137
 86 150
 86 151
 86 156
 86 157
 86 158
 86 159
 86 164
 86 165
 86 166
 86 167
 86 169
 86 170
 86 171
 86 173
 86 176
 86 177
 86 180
 86 181
 86 188
 86 190
 86 193
 86 194
 86 196
 86 197
 86 198
 86 202
 86 204
 86 207
 86 208
 86 209
 86 210
 86 212
 86 213
 86 214
 86 215
 86 219
 86 220
 86 223
 86 227
 86 231
 86 232
 86 233
 86 235
 86 236
 86 237
 86 240
 86 242
 86 243
 86 245
 86 246
 86 247
 86 248
 86 249
 86 250
 86 251
 86 252
 86 253
 86 254
 86 255
 86 256
 86 257
 86 262
 86 263
 86 266
 86 275
 86 276
 86 281
 86 285
 86 287
 86 288
 86 289
 86 291
 86 293
 86 294
 86 299
 87  88
 87  90
 87  93
 87  94
 87  97
 87  99
 87 101
 87 103
 87 104
 87 105
 87 108
 87 109
 87 111
 87 114
 87 117
 87 118
 87 119
 87 122
 87 123
 87 128
 87 132
 87 134
 87 137
 87 147
 87 148
 87 150
 87 151
 87 152
 87 154
 87 156
 87 157
 87 159
 87 164
 87 165
 87 166
 87 167
 87 169
 87 170
 87 171
 87 173
 87 176
 87 177
 87 180
 87 181
 87 188
 87 190
 87 193
 87 194
 87 195
 87 196
 87 197
 87 198
 87 201
 87 202
 87 203
 87 204
 87 207
 87 208
 87 209
 87 211
 87 212
 87 213
 87 215
 87 217
 87 218
 87 219
 87 220
 87 222
 87 223
 87 227
 87 228
 87 231
 87 232
 87 233
 87 236
 87 240
 87 241
 87 242
 87 243
 87 245
 87 246
 87 247
 87 248
 87 249
 87 251
 87 252
 87 253
 87 254
 87 255
 87 256
 87 257
 87 262
 87 263
 87 266
 87 267
 87 274
 87 275
 87 276
 87 281
 87 282
 87 285
 87 287
 87 288
 87 289
 87 291
 87 292
 87 293
 87 294
 87 299
 87 300
 88  89
 88  90
 88  91
 88  92
 88  93
 88  97
 88  99
 88 101
 88 103
 88 104
 88 108
 88 109
 88 110
 88 114
 88 118
 88 119
 88 120
 88 121
 88 123
 88 127
 88 128
 88 132
 88 134
 88 137
 88 147
 88 148
 88 150
 88 152
 88 154
 88 158
 88 159
 88 164
 88 165
 88 166
 88 169
 88 171
 88 173
 88 176
 88 177
 88 180
 88 181
 88 188
 88 190
 88 193
 88 194
 88 195
 88 197
 88 198
 88 201
 88 203
 88 204
 88 207
 88 209
 88 210
 88 211
 88 212
 88 213
 88 214
 88 217
 88 218
 88 219
 88 220
 88 222
 88 223
 88 227
 88 228
 88 231
 88 232
 88 233
 88 235
 88 236
 88 237
 88 240
 88 241
 88 242
 88 243
 88 245
 88 246
 88 247
 88 248
 88 249
 88 250
 88 251
 88 252
 88 253
 88 254
 88 255
 88 257
 88 262
 88 263
 88 266
 88 267
 88 274
 88 275
 88 276
 88 281
 88 282
 88 285
 88 287
 88 288
 88 289
 88 291
 88 292
 88 293
 88 294
 88 299
 88 300
 89  93
 89  97
 89 108
 89 110
 89 117
 89 118
 89 167
 89 197
 89 226
 89 241
 89 242
 89 250
 89 255
 89 285
 89 291
 89 292
 89 294
 90  91
 90  92
 90  93
 90  94
 90  97
 90  99
 90 101
 90 103
 90 105
 90 108
 90 109
 90 110
 90 111
 90 114
 90 117
 90 118
 90 119
 90 120
 90 121
 90 122
 90 127
 90 128
 90 132
 90 134
 90 137
 90 147
 90 148
 90 150
 90 151
 90 152
 90 154
 90 156
 90 157
 90 158
 90 159
 90 164
 90 167
 90 169
 90 170
 90 171
 90 173
 90 176
 90 177
 90 180
 90 181
 90 188
 90 190
 90 193
 90 194
 90 195
 90 196
 90 197
 90 198
 90 202
 90 203
 90 204
 90 208
 90 209
 90 210
 90 211
 90 212
 90 213
 90 214
 90 215
 90 218
 90 220
 90 222
 90 223
 90 227
 90 228
 90 231
 90 232
 90 233
 90 235
 90 236
 90 237
 90 240
 90 241
 90 243
 90 245
 90 246
 90 247
 90 248
 90 249
 90 250
 90 251
 90 252
 90 253
 90 254
 90 255
 90 256
 90 263
 90 266
 90 267
 90 274
 90 275
 90 276
 90 281
 90 282
 90 285
 90 287
 90 288
 90 289
 90 291
 90 292
 90 293
 90 294
 90 299
 90 300
 91  93
 91  94
 91  97
 91  99
 91 101
 91 103
 91 105
 91 108
 91 109
 91 111
 91 114
 91 117
 91 118
 91 119
 91 122
 91 123
 91 125
 91 128
 91 132
 91 134
 91 137
 91 147
 91 148
 91 150
 91 151
 91 152
 91 154
 91 156
 91 157
 91 159
 91 164
 91 165
 91 166
 91 167
 91 169
 91 170
 91 171
 91 173
 91 176
 91 177
 91 180
 91 181
 91 188
 91 190
 91 193
 91 194
 91 195
 91 196
 91 197
 91 198
 91 201
 91 202
 91 203
 91 204
 91 207
 91 208
 91 209
 91 211
 91 212
 91 213
 91 215
 91 218
 91 219
 91 220
 91 222
 91 223
 91 227
 91 228
 91 231
 91 232
 91 233
 91 236
 91 240
 91 241
 91 242
 91 243
 91 245
 91 246
 91 247
 91 248
 91 249
 91 251
 91 252
 91 253
 91 254
 91 255
 91 256
 91 257
 91 262
 91 263
 91 266
 91 267
 91 274
 91 275
 91 276
 91 281
 91 282
 91 285
 91 287
 91 288
 91 289
 91 291
 91 292
 91 293
 91 294
 91 297
 91 299
 91 300
 92  93
 92  94
 92  99
 92 101
 92 103
 92 105
 92 108
 92 109
 92 111
 92 117
 92 118
 92 122
 92 123
 92 128
 92 134
 92 137
 92 147
 92 150
 92 151
 92 154
 92 156
 92 157
 92 159
 92 164
 92 165
 92 166
 92 167
 92 169
 92 170
 92 171
 92 173
 92 176
 92 177
 92 180
 92 181
 92 188
 92 190
 92 195
 92 197
 92 198
 92 201
 92 203
 92 204
 92 207
 92 208
 92 209
 92 212
 92 213
 92 215
 92 219
 92 220
 92 223
 92 227
 92 231
 92 232
 92 233
 92 236
 92 242
 92 243
 92 245
 92 246
 92 247
 92 248
 92 249
 92 251
 92 252
 92 253
 92 254
 92 255
 92 257
 92 263
 92 266
 92 267
 92 275
 92 276
 92 281
 92 285
 92 287
 92 288
 92 289
 92 291
 92 293
 92 294
 93  94
 93  97
 93  99
 93 101
 93 103
 93 104
 93 105
 93 108
 93 109
 93 110
 93 111
 93 114
 93 117
 93 119
 93 120
 93 121
 93 122
 93 123
 93 125
 93 127
 93 128
 93 132
 93 134
 93 137
 93 147
 93 150
 93 151
 93 152
 93 156
 93 157
 93 158
 93 159
 93 164
 93 165
 93 166
 93 167
 93 169
 93 170
 93 171
 93 173
 93 176
 93 177
 93 180
 93 181
 93 188
 93 194
 93 195
 93 196
 93 197
 93 198
 93 201
 93 202
 93 203
 93 204
 93 207
 93 208
 93 210
 93 211
 93 212
 93 213
 93 214
 93 215
 93 217
 93 218
 93 219
 93 222
 93 223
 93 227
 93 228
 93 231
 93 232
 93 233
 93 235
 93 237
 93 240
 93 242
 93 243
 93 245
 93 247
 93 248
 93 249
 93 250
 93 251
 93 252
 93 253
 93 254
 93 255
 93 256
 93 257
 93 262
 93 263
 93 266
 93 267
 93 274
 93 275
 93 276
 93 281
 93 282
 93 285
 93 287
 93 288
 93 289
 93 292
 93 293
 93 294
 93 297
 93 299
 93 300
 94  97
 94  99
 94 101
 94 103
 94 108
 94 109
 94 110
 94 118
 94 119
 94 120
 94 121
 94 123
 94 127
 94 128
 94 131
 94 132
 94 134
 94 137
 94 147
 94 148
 94 150
 94 152
 94 154
 94 158
 94 159
 94 164
 94 165
 94 166
 94 169
 94 171
 94 173
 94 176
 94 177
 94 180
 94 181
 94 188
 94 189
 94 190
 94 193
 94 194
 94 195
 94 197
 94 198
 94 201
 94 203
 94 204
 94 207
 94 209
 94 210
 94 211
 94 212
 94 213
 94 217
 94 218
 94 219
 94 220
 94 222
 94 223
 94 227
 94 228
 94 231
 94 232
 94 233
 94 235
 94 236
 94 237
 94 240
 94 241
 94 242
 94 243
 94 245
 94 246
 94 247
 94 248
 94 249
 94 250
 94 251
 94 252
 94 253
 94 254
 94 255
 94 257
 94 262
 94 263
 94 266
 94 267
 94 274
 94 275
 94 276
 94 281
 94 282
 94 285
 94 287
 94 288
 94 289
 94 291
 94 292
 94 293
 94 294
 94 299
 94 300
 95 100
 95 131
 95 133
 95 138
 95 143
 95 155
 95 160
 95 162
 95 168
 95 184
 95 191
 95 205
 95 221
 95 239
 95 259
 95 260
 95 271
 95 272
 95 273
 95 290
 95 298
 96  98
 96 107
 96 116
 96 129
 96 140
 96 142
 96 163
 96 174
 96 175
 96 178
 96 189
 96 206
 96 224
 96 261
 96 269
 96 280
 96 295
 97 101
 97 103
 97 105
 97 108
 97 110
 97 111
 97 117
 97 118
 97 120
 97 121
 97 134
 97 147
 97 150
 97 151
 97 156
 97 157
 97 158
 97 159
 97 165
 97 166
 97 167
 97 169
 97 171
 97 173
 97 180
 97 193
 97 197
 97 203
 97 208
 97 212
 97 213
 97 215
 97 217
 97 219
 97 220
 97 223
 97 226
 97 231
 97 232
 97 235
 97 236
 97 237
 97 241
 97 242
 97 243
 97 245
 97 246
 97 249
 97 250
 97 252
 97 253
 97 255
 97 256
 97 262
 97 263
 97 266
 97 267
 97 276
 97 281
 97 285
 97 287
 97 288
 97 289
 97 291
 97 292
 97 293
 97 294
 97 299
 98 107
 98 112
 98 116
 98 129
 98 130
 98 136
 98 140
 98 142
 98 163
 98 174
 98 175
 98 178
 98 187
 98 189
 98 206
 98 216
 98 224
 98 238
 98 258
 98 264
 98 269
 98 270
 98 278
 98 280
 98 283
 98 295
 99 101
 99 103
 99 105
 99 108
 99 109
 99 110
 99 111
 99 117
 99 118
 99 119
 99 120
 99 121
 99 122
 99 123
 99 127
 99 128
 99 132
 99 134
 99 137
 99 147
 99 150
 99 151
 99 154
 99 156
 99 157
 99 158
 99 164
 99 165
 99 166
 99 167
 99 169
 99 170
 99 171
 99 176
 99 177
 99 180
 99 188
 99 190
 99 193
 99 194
 99 195
 99 196
 99 197
 99 198
 99 201
 99 202
 99 203
 99 204
 99 207
 99 208
 99 209
 99 210
 99 211
 99 212
 99 213
 99 215
 99 218
 99 219
 99 220
 99 222
 99 223
 99 227
 99 228
 99 231
 99 232
 99 233
 99 235
 99 236
 99 237
 99 240
 99 241
 99 242
 99 243
 99 245
 99 246
 99 247
 99 248
 99 250
 99 251
 99 252
 99 254
 99 255
 99 256
 99 257
 99 262
 99 263
 99 266
 99 267
 99 274
 99 275
 99 276
 99 281
 99 282
 99 285
 99 287
 99 291
 99 292
 99 293
 99 294
 99 299
 99 300
100 106
100 131
100 135
100 138
100 184
100 205
100 259
100 271
100 290
100 298
101 103
101 104
101 105
101 108
101 109
101 110
101 111
101 114
101 117
101 118
101 119
101 120
101 121
101 122
101 123
101 127
101 128
101 132
101 134
101 137
101 147
101 148
101 150
101 151
101 152
101 154
101 156
101 157
101 158
101 159
101 164
101 165
101 166
101 167
101 169
101 170
101 171
101 173
101 176
101 180
101 181
101 188
101 190
101 193
101 194
101 195
101 196
101 197
101 198
101 201
101 202
101 203
101 204
101 207
101 208
101 209
101 210
101 211
101 212
101 213
101 214
101 215
101 218
101 219
101 220
101 222
101 223
101 227
101 228
101 231
101 232
101 233
101 235
101 236
101 237
101 240
101 241
101 242
101 243
101 245
101 246
101 247
101 248
101 249
101 250
101 251
101 252
101 253
101 254
101 255
101 256
101 257
101 262
101 263
101 266
101 267
101 274
101 275
101 276
101 281
101 282
101 285
101 287
101 288
101 289
101 291
101 292
101 293
101 294
101 297
101 300
102 182
103 105
103 108
103 109
103 110
103 111
103 117
103 118
103 119
103 120
103 121
103 122
103 123
103 127
103 128
103 134
103 137
103 147
103 150
103 151
103 152
103 156
103 157
103 158
103 159
103 164
103 165
103 166
103 167
103 169
103 170
103 171
103 173
103 177
103 180
103 181
103 188
103 190
103 193
103 194
103 195
103 197
103 198
103 201
103 202
103 203
103 204
103 207
103 208
103 209
103 210
103 213
103 215
103 219
103 220
103 223
103 227
103 228
103 231
103 232
103 233
103 235
103 236
103 237
103 240
103 241
103 242
103 243
103 245
103 246
103 247
103 249
103 250
103 251
103 252
103 253
103 254
103 255
103 256
103 257
103 262
103 263
103 266
103 267
103 275
103 276
103 281
103 285
103 287
103 288
103 289
103 291
103 293
103 294
104 108
104 110
104 120
104 121
104 122
104 128
104 147
104 158
104 159
104 164
104 165
104 166
104 167
104 169
104 180
104 190
104 198
104 203
104 207
104 208
104 209
104 212
104 214
104 215
104 220
104 228
104 231
104 233
104 245
104 248
104 249
104 250
104 253
104 267
104 275
104 285
104 287
104 289
104 293
104 299
105 108
105 109
105 110
105 114
105 118
105 119
105 120
105 121
105 123
105 127
105 128
105 132
105 134
105 137
105 147
105 150
105 152
105 154
105 158
105 159
105 164
105 165
105 166
105 169
105 171
105 173
105 176
105 177
105 180
105 181
105 188
105 190
105 194
105 195
105 197
105 198
105 201
105 203
105 204
105 207
105 209
105 210
105 211
105 212
105 213
105 218
105 219
105 220
105 222
105 223
105 227
105 228
105 231
105 232
105 233
105 235
105 236
105 237
105 240
105 241
105 242
105 243
105 245
105 246
105 247
105 248
105 249
105 250
105 251
105 252
105 253
105 254
105 255
105 257
105 262
105 263
105 266
105 267
105 274
105 275
105 276
105 281
105 282
105 285
105 287
105 288
105 289
105 291
105 292
105 293
105 294
105 299
105 300
106 124
106 131
106 133
106 155
106 191
106 205
106 221
106 234
106 259
106 260
106 271
106 272
106 290
106 298
107 112
107 116
107 129
107 130
107 136
107 140
107 142
107 163
107 174
107 175
107 178
107 187
107 206
107 216
107 224
107 238
107 253
107 261
107 264
107 269
107 270
107 278
107 280
107 283
107 295
108 109
108 110
108 111
108 114
108 117
108 118
108 119
108 120
108 121
108 122
108 123
108 127
108 128
108 132
108 134
108 137
108 147
108 148
108 150
108 151
108 152
108 154
108 156
108 157
108 158
108 159
108 164
108 165
108 166
108 167
108 169
108 170
108 171
108 173
108 176
108 177
108 180
108 181
108 188
108 190
108 193
108 194
108 195
108 196
108 197
108 198
108 201
108 202
108 203
108 204
108 207
108 208
108 209
108 210
108 211
108 212
108 213
108 214
108 215
108 217
108 219
108 220
108 222
108 223
108 227
108 228
108 231
108 232
108 233
108 235
108 236
108 237
108 240
108 241
108 242
108 243
108 245
108 246
108 247
108 248
108 249
108 250
108 251
108 252
108 253
108 254
108 255
108 256
108 257
108 262
108 263
108 266
108 267
108 274
108 275
108 276
108 281
108 282
108 285
108 287
108 288
108 289
108 291
108 292
108 293
108 294
108 297
108 299
108 300
109 111
109 117
109 118
109 119
109 120
109 121
109 122
109 123
109 127
109 128
109 137
109 147
109 150
109 151
109 154
109 156
109 157
109 158
109 159
109 164
109 165
109 166
109 167
109 169
109 170
109 171
109 173
109 176
109 177
109 180
109 181
109 188
109 190
109 194
109 195
109 197
109 198
109 201
109 202
109 203
109 207
109 208
109 209
109 210
109 212
109 213
109 214
109 215
109 219
109 220
109 223
109 227
109 231
109 232
109 233
109 235
109 236
109 237
109 240
109 242
109 245
109 246
109 247
109 248
109 249
109 250
109 251
109 252
109 253
109 254
109 255
109 256
109 257
109 262
109 263
109 266
109 267
109 275
109 276
109 281
109 285
109 287
109 288
109 289
109 291
109 293
109 294
110 111
110 114
110 117
110 118
110 119
110 122
110 128
110 132
110 134
110 137
110 147
110 150
110 151
110 152
110 156
110 157
110 159
110 164
110 165
110 166
110 167
110 169
110 170
110 171
110 173
110 176
110 177
110 180
110 188
110 190
110 193
110 194
110 196
110 197
110 198
110 201
110 202
110 203
110 204
110 207
110 208
110 209
110 211
110 212
110 213
110 215
110 217
110 218
110 219
110 220
110 222
110 223
110 226
110 227
110 228
110 231
110 232
110 233
110 236
110 240
110 241
110 242
110 243
110 245
110 246
110 247
110 248
110 249
110 251
110 252
110 253
110 254
110 255
110 256
110 257
110 262
110 263
110 266
110 267
110 274
110 275
110 276
110 281
110 282
110 285
110 287
110 289
110 291
110 292
110 293
110 294
110 297
110 299
110 300
111 114
111 118
111 119
111 120
111 121
111 127
111 128
111 132
111 134
111 137
111 147
111 148
111 150
111 152
111 154
111 158
111 159
111 164
111 165
111 166
111 169
111 171
111 173
111 176
111 177
111 180
111 181
111 188
111 190
111 193
111 194
111 195
111 197
111 198
111 201
111 203
111 204
111 207
111 209
111 210
111 211
111 212
111 213
111 214
111 218
111 219
111 220
111 222
111 223
111 227
111 228
111 231
111 232
111 233
111 235
111 236
111 237
111 240
111 241
111 242
111 243
111 245
111 246
111 247
111 248
111 249
111 250
111 251
111 252
111 253
111 254
111 255
111 257
111 262
111 263
111 266
111 267
111 274
111 275
111 276
111 281
111 282
111 285
111 287
111 288
111 289
111 291
111 292
111 293
111 294
111 299
111 300
112 116
112 129
112 140
112 141
112 142
112 149
112 161
112 163
112 174
112 175
112 178
112 185
112 189
112 206
112 224
112 261
112 269
112 280
112 283
112 295
113 131
113 179
113 296
114 117
114 118
114 120
114 127
114 150
114 151
114 154
114 156
114 157
114 158
114 159
114 165
114 166
114 167
114 169
114 171
114 173
114 180
114 190
114 194
114 196
114 198
114 202
114 203
114 204
114 208
114 209
114 211
114 212
114 215
114 218
114 219
114 220
114 228
114 232
114 233
114 235
114 236
114 237
114 241
114 242
114 243
114 245
114 246
114 250
114 252
114 253
114 255
114 262
114 266
114 267
114 276
114 282
114 285
114 287
114 289
114 291
114 292
114 293
114 294
115 131
115 205
116 129
116 130
116 136
116 140
116 141
116 142
116 144
116 149
116 163
116 178
116 187
116 189
116 224
116 238
116 261
116 264
116 269
116 270
116 278
116 280
116 283
116 295
117 118
117 119
117 120
117 121
117 127
117 128
117 132
117 134
117 137
117 147
117 150
117 152
117 158
117 159
117 164
117 165
117 166
117 169
117 171
117 173
117 177
117 180
117 181
117 188
117 190
117 193
117 194
117 195
117 197
117 198
117 201
117 203
117 204
117 207
117 209
117 210
117 211
117 212
117 217
117 219
117 220
117 222
117 227
117 228
117 231
117 232
117 233
117 235
117 236
117 237
117 240
117 241
117 242
117 243
117 245
117 246
117 247
117 248
117 249
117 250
117 251
117 252
117 253
117 254
117 255
117 257
117 262
117 263
117 266
117 267
117 275
117 276
117 282
117 285
117 287
117 288
117 289
117 291
117 292
117 293
117 294
117 299
118 119
118 120
118 121
118 122
118 123
118 127
118 128
118 132
118 134
118 137
118 147
118 148
118 150
118 151
118 152
118 156
118 157
118 158
118 159
118 164
118 165
118 166
118 167
118 169
118 170
118 171
118 173
118 176
118 177
118 180
118 181
118 188
118 194
118 195
118 196
118 197
118 198
118 201
118 202
118 203
118 204
118 207
118 208
118 210
118 211
118 212
118 213
118 215
118 218
118 219
118 222
118 223
118 227
118 228
118 231
118 232
118 233
118 235
118 237
118 240
118 242
118 243
118 245
118 247
118 248
118 249
118 250
118 251
118 252
118 253
118 254
118 255
118 256
118 257
118 262
118 263
118 266
118 267
118 275
118 276
118 281
118 282
118 285
118 287
118 288
118 289
118 292
118 293
118 294
118 297
118 299
118 300
119 120
119 122
119 127
119 134
119 147
119 150
119 151
119 152
119 156
119 157
119 158
119 159
119 164
119 165
119 166
119 167
119 171
119 173
119 177
119 188
119 190
119 193
119 194
119 196
119 197
119 198
119 203
119 207
119 211
119 212
119 213
119 215
119 218
119 219
119 220
119 222
119 223
119 227
119 228
119 231
119 232
119 233
119 235
119 236
119 237
119 240
119 242
119 243
119 245
119 246
119 248
119 249
119 250
119 251
119 253
119 254
119 256
119 262
119 263
119 266
119 267
119 274
119 275
119 276
119 281
119 282
119 285
119 289
119 291
119 292
119 294
119 297
119 299
120 122
120 123
120 125
120 128
120 132
120 134
120 137
120 147
120 148
120 150
120 151
120 152
120 154
120 156
120 157
120 159
120 164
120 165
120 166
120 167
120 169
120 170
120 171
120 173
120 176
120 177
120 180
120 181
120 188
120 190
120 193
120 194
120 195
120 196
120 197
120 198
120 201
120 202
120 203
120 204
120 207
120 208
120 209
120 211
120 212
120 213
120 215
120 218
120 219
120 220
120 222
120 223
120 227
120 228
120 231
120 232
120 233
120 236
120 240
120 241
120 242
120 243
120 245
120 246
120 247
120 248
120 249
120 251
120 252
120 253
120 254
120 255
120 256
120 257
120 262
120 263
120 266
120 267
120 274
120 275
120 276
120 281
120 282
120 285
120 287
120 288
120 289
120 291
120 292
120 293
120 294
120 297
120 299
120 300
121 122
121 123
121 128
121 132
121 134
121 137
121 147
121 148
121 150
121 151
121 152
121 154
121 156
121 157
121 159
121 164
121 165
121 166
121 167
121 169
121 170
121 171
121 173
121 176
121 177
121 180
121 181
121 188
121 190
121 194
121 195
121 196
121 197
121 198
121 201
121 202
121 203
121 204
121 207
121 208
121 209
121 212
121 213
121 215
121 219
121 220
121 222
121 223
121 231
121 232
121 233
121 236
121 240
121 241
121 243
121 245
121 246
121 247
121 248
121 249
121 252
121 253
121 254
121 255
121 256
121 257
121 262
121 263
121 266
121 267
121 275
121 276
121 281
121 282
121 285
121 287
121 288
121 289
121 291
121 293
121 300
122 127
122 128
122 132
122 134
122 137
122 147
122 150
122 152
122 154
122 158
122 159
122 164
122 165
122 166
122 169
122 171
122 173
122 176
122 177
122 180
122 181
122 188
122 190
122 194
122 197
122 198
122 201
122 203
122 204
122 207
122 209
122 210
122 211
122 212
122 213
122 214
122 219
122 220
122 222
122 223
122 228
122 231
122 232
122 233
122 235
122 236
122 237
122 240
122 241
122 243
122 245
122 246
122 247
122 248
122 249
122 250
122 251
122 252
122 253
122 254
122 255
122 257
122 262
122 263
122 266
122 267
122 274
122 275
122 276
122 281
122 282
122 285
122 287
122 288
122 289
122 291
122 293
122 294
122 300
123 128
123 134
123 137
123 147
123 150
123 151
123 156
123 157
123 158
123 159
123 164
123 165
123 166
123 167
123 169
123 170
123 171
123 173
123 181
123 190
123 195
123 198
123 203
123 207
123 208
123 211
123 212
123 213
123 215
123 219
123 220
123 228
123 231
123 232
123 233
123 235
123 236
123 237
123 245
123 246
123 247
123 248
123 249
123 250
123 253
123 255
123 257
123 266
123 267
123 275
123 276
123 285
123 287
123 288
123 289
123 291
123 294
124 133
124 205
124 230
124 290
125 128
125 137
125 154
125 166
125 167
125 169
125 198
125 212
125 231
125 233
125 237
125 243
125 245
125 248
125 249
125 250
125 253
125 275
125 285
125 287
125 289
126 143
126 162
126 168
126 191
126 192
126 239
126 279
127 128
127 134
127 137
127 147
127 150
127 151
127 152
127 154
127 156
127 157
127 159
127 164
127 165
127 166
127 167
127 169
127 170
127 171
127 173
127 176
127 177
127 180
127 181
127 188
127 190
127 193
127 194
127 195
127 197
127 198
127 201
127 202
127 203
127 204
127 207
127 208
127 209
127 211
127 212
127 213
127 215
127 219
127 220
127 223
127 227
127 231
127 232
127 233
127 236
127 240
127 241
127 242
127 243
127 245
127 246
127 247
127 248
127 249
127 251
127 252
127 253
127 254
127 255
127 256
127 257
127 262
127 263
127 266
127 267
127 275
127 276
127 281
127 282
127 285
127 287
127 288
127 289
127 291
127 293
127 294
127 297
128 134
128 137
128 147
128 150
128 151
128 154
128 156
128 157
128 158
128 159
128 164
128 165
128 166
128 167
128 169
128 170
128 171
128 173
128 177
128 180
128 188
128 190
128 193
128 194
128 195
128 196
128 197
128 198
128 201
128 203
128 204
128 207
128 208
128 209
128 210
128 211
128 212
128 213
128 214
128 215
128 217
128 218
128 219
128 220
128 222
128 223
128 231
128 232
128 233
128 235
128 236
128 237
128 240
128 241
128 243
128 245
128 246
128 247
128 248
128 249
128 250
128 251
128 252
128 253
128 255
128 256
128 257
128 262
128 263
128 266
128 267
128 274
128 275
128 276
128 281
128 282
128 285
128 288
128 289
128 291
128 292
128 293
128 294
128 299
128 300
129 130
129 136
129 140
129 174
129 178
129 187
129 189
129 206
129 216
129 224
129 225
129 229
129 238
129 258
129 261
129 264
129 269
129 270
129 278
129 280
129 283
129 295
130 131
130 140
130 142
130 153
130 163
130 174
130 175
130 178
130 189
130 199
130 205
130 206
130 216
130 224
130 229
130 258
130 261
130 269
130 280
130 283
130 295
131 133
131 135
131 138
131 143
131 155
131 162
131 168
131 184
131 186
131 191
131 192
131 205
131 221
131 230
131 239
131 259
131 260
131 261
131 265
131 271
131 272
131 279
131 298
132 134
132 147
132 151
132 152
132 156
132 157
132 158
132 159
132 165
132 166
132 167
132 169
132 171
132 173
132 177
132 180
132 188
132 190
132 193
132 196
132 197
132 198
132 202
132 203
132 210
132 211
132 213
132 218
132 219
132 220
132 222
132 231
132 232
132 233
132 235
132 236
132 237
132 240
132 241
132 242
132 243
132 245
132 246
132 247
132 249
132 250
132 252
132 253
132 256
132 257
132 262
132 267
132 274
132 275
132 276
132 282
132 285
132 287
132 288
132 289
132 291
132 293
132 294
132 300
133 135
133 138
133 184
133 186
133 205
133 230
133 234
133 259
133 260
133 271
133 272
133 290
133 298
134 137
134 147
134 150
134 151
134 152
134 156
134 157
134 158
134 159
134 164
134 165
134 166
134 167
134 169
134 170
134 171
134 173
134 177
134 180
134 181
134 188
134 190
134 193
134 194
134 195
134 196
134 197
134 198
134 201
134 202
134 203
134 207
134 209
134 210
134 211
134 212
134 213
134 215
134 218
134 219
134 220
134 222
134 227
134 228
134 231
134 232
134 233
134 235
134 236
134 237
134 240
134 241
134 242
134 245
134 246
134 247
134 248
134 249
134 250
134 251
134 252
134 253
134 254
134 255
134 256
134 257
134 262
134 263
134 266
134 267
134 275
134 276
134 281
134 282
134 285
134 287
134 288
134 289
134 291
134 293
134 294
134 299
135 138
135 155
135 172
135 184
135 191
135 205
135 221
135 234
135 259
135 260
135 271
135 272
135 290
135 298
136 140
136 142
136 161
136 163
136 174
136 178
136 189
136 206
136 216
136 224
136 225
136 229
136 258
136 261
136 269
136 280
136 283
136 295
137 147
137 148
137 150
137 151
137 152
137 154
137 156
137 157
137 158
137 159
137 164
137 165
137 166
137 167
137 169
137 170
137 173
137 176
137 177
137 180
137 181
137 188
137 190
137 195
137 196
137 197
137 198
137 201
137 203
137 207
137 208
137 209
137 210
137 211
137 212
137 213
137 214
137 215
137 219
137 220
137 222
137 231
137 233
137 235
137 236
137 237
137 240
137 241
137 243
137 246
137 247
137 248
137 249
137 250
137 252
137 253
137 254
137 255
137 256
137 257
137 262
137 263
137 266
137 267
137 275
137 276
137 281
137 282
137 287
137 288
137 289
137 291
137 293
137 300
138 143
138 155
138 186
138 191
138 192
138 221
138 230
138 239
138 259
138 260
138 265
138 271
138 272
138 273
138 298
139 185
139 225
140 141
140 142
140 149
140 163
140 174
140 175
140 178
140 187
140 189
140 206
140 216
140 224
140 225
140 229
140 238
140 261
140 264
140 269
140 270
140 278
140 280
140 283
140 295
141 149
141 163
141 174
141 175
141 238
141 278
141 280
141 295
142 174
142 178
142 187
142 189
142 206
142 216
142 224
142 225
142 238
142 258
142 261
142 264
142 269
142 270
142 278
142 280
142 283
142 295
143 160
143 162
143 186
143 205
143 239
143 265
143 272
143 277
144 149
144 163
144 174
144 175
144 238
144 278
144 280
145 182
146 157
146 182
147 150
147 151
147 154
147 156
147 157
147 158
147 159
147 164
147 165
147 166
147 167
147 169
147 170
147 171
147 173
147 176
147 177
147 180
147 181
147 188
147 190
147 193
147 194
147 195
147 196
147 197
147 198
147 201
147 202
147 204
147 207
147 208
147 209
147 210
147 212
147 213
147 214
147 215
147 218
147 219
147 220
147 222
147 223
147 227
147 228
147 231
147 232
147 233
147 235
147 236
147 237
147 240
147 241
147 242
147 243
147 245
147 246
147 247
147 248
147 249
147 250
147 251
147 252
147 253
147 254
147 255
147 256
147 257
147 262
147 263
147 266
147 274
147 275
147 276
147 281
147 285
147 287
147 288
147 289
147 291
147 292
147 293
147 294
147 297
147 299
148 151
148 156
148 157
148 159
148 166
148 169
148 173
148 180
148 198
148 203
148 209
148 210
148 212
148 219
148 220
148 231
148 232
148 233
148 235
148 245
148 246
148 248
148 249
148 252
148 253
148 266
148 275
148 276
148 285
148 289
148 291
148 293
149 163
149 174
149 175
149 178
149 238
149 264
149 278
149 280
149 283
150 151
150 152
150 156
150 157
150 158
150 159
150 164
150 165
150 166
150 167
150 169
150 171
150 173
150 176
150 177
150 180
150 181
150 190
150 193
150 198
150 201
150 202
150 203
150 204
150 207
150 208
150 209
150 210
150 211
150 212
150 213
150 215
150 219
150 220
150 223
150 227
150 228
150 231
150 232
150 233
150 235
150 236
150 237
150 240
150 243
150 245
150 246
150 248
150 249
150 250
150 251
150 252
150 253
150 254
150 256
150 257
150 263
150 267
150 275
150 276
150 285
150 287
150 288
150 289
150 291
150 293
151 152
151 154
151 158
151 159
151 164
151 165
151 166
151 169
151 171
151 173
151 176
151 177
151 180
151 181
151 188
151 190
151 193
151 194
151 195
151 197
151 198
151 201
151 203
151 204
151 207
151 209
151 210
151 211
151 212
151 213
151 214
151 218
151 219
151 220
151 222
151 223
151 227
151 228
151 231
151 232
151 233
151 235
151 236
151 237
151 240
151 241
151 242
151 243
151 244
151 245
151 246
151 247
151 248
151 249
151 250
151 251
151 252
151 253
151 254
151 255
151 257
151 262
151 263
151 266
151 267
151 274
151 275
151 276
151 281
151 282
151 285
151 287
151 288
151 289
151 291
151 292
151 293
151 294
151 299
151 300
152 156
152 157
152 158
152 164
152 165
152 166
152 167
152 169
152 170
152 171
152 176
152 177
152 180
152 188
152 190
152 193
152 194
152 196
152 197
152 198
152 201
152 202
152 203
152 207
152 208
152 209
152 210
152 211
152 212
152 213
152 218
152 219
152 220
152 222
152 228
152 231
152 232
152 233
152 235
152 236
152 237
152 240
152 241
152 242
152 243
152 245
152 246
152 247
152 248
152 250
152 251
152 252
152 254
152 256
152 257
152 262
152 263
152 266
152 267
152 275
152 276
152 282
152 285
152 287
152 291
152 294
152 297
152 299
152 300
153 206
153 224
153 258
153 270
154 156
154 157
154 158
154 159
154 164
154 165
154 166
154 167
154 169
154 170
154 171
154 173
154 176
154 177
154 180
154 194
154 196
154 197
154 198
154 203
154 207
154 208
154 210
154 211
154 212
154 213
154 214
154 215
154 219
154 222
154 223
154 228
154 231
154 232
154 233
154 235
154 237
154 240
154 243
154 245
154 247
154 248
154 249
154 250
154 252
154 253
154 254
154 257
154 267
154 274
154 275
154 281
154 282
154 285
154 287
154 289
154 293
154 294
155 162
155 168
155 184
155 191
155 192
155 205
155 230
155 234
155 239
155 259
155 260
155 271
155 279
155 290
155 298
156 158
156 159
156 164
156 165
156 166
156 169
156 171
156 173
156 176
156 177
156 180
156 181
156 188
156 190
156 193
156 194
156 195
156 197
156 198
156 201
156 203
156 204
156 207
156 209
156 210
156 211
156 212
156 213
156 214
156 218
156 219
156 220
156 222
156 223
156 227
156 228
156 231
156 232
156 233
156 235
156 236
156 237
156 240
156 241
156 242
156 243
156 244
156 245
156 246
156 247
156 248
156 249
156 250
156 251
156 252
156 253
156 254
156 255
156 257
156 262
156 263
156 266
156 267
156 275
156 276
156 281
156 282
156 285
156 287
156 288
156 289
156 291
156 292
156 293
156 294
156 299
156 300
157 158
157 159
157 164
157 165
157 166
157 169
157 171
157 173
157 176
157 177
157 180
157 181
157 188
157 190
157 193
157 194
157 195
157 197
157 198
157 200
157 201
157 203
157 204
157 207
157 209
157 210
157 211
157 212
157 213
157 214
157 218
157 219
157 220
157 222
157 223
157 227
157 228
157 231
157 232
157 233
157 235
157 236
157 237
157 240
157 241
157 242
157 243
157 245
157 246
157 247
157 248
157 249
157 250
157 251
157 252
157 253
157 254
157 255
157 257
157 262
157 263
157 266
157 267
157 274
157 275
157 276
157 281
157 282
157 285
157 287
157 288
157 289
157 291
157 292
157 293
157 294
157 297
157 299
157 300
158 159
158 164
158 165
158 166
158 167
158 169
158 170
158 171
158 173
158 176
158 177
158 180
158 181
158 188
158 190
158 193
158 194
158 195
158 197
158 198
158 201
158 202
158 203
158 204
158 207
158 208
158 209
158 211
158 212
158 213
158 215
158 217
158 218
158 219
158 220
158 223
158 227
158 228
158 231
158 232
158 233
158 236
158 240
158 241
158 242
158 243
158 245
158 246
158 247
158 248
158 249
158 251
158 252
158 253
158 254
158 255
158 256
158 257
158 262
158 263
158 266
158 267
158 274
158 275
158 276
158 281
158 282
158 285
158 287
158 288
158 289
158 291
158 292
158 293
158 294
158 299
159 164
159 165
159 166
159 167
159 169
159 170
159 171
159 176
159 177
159 180
159 188
159 190
159 193
159 194
159 195
159 196
159 197
159 198
159 201
159 202
159 203
159 204
159 207
159 208
159 209
159 210
159 211
159 212
159 213
159 214
159 215
159 218
159 219
159 220
159 222
159 223
159 227
159 228
159 231
159 232
159 233
159 235
159 236
159 237
159 240
159 241
159 242
159 243
159 245
159 246
159 247
159 248
159 250
159 251
159 252
159 254
159 255
159 256
159 257
159 262
159 263
159 266
159 267
159 275
159 276
159 281
159 282
159 285
159 287
159 291
159 292
159 293
159 294
159 299
159 300
160 162
160 168
160 191
160 192
160 205
160 239
160 272
160 279
161 178
161 187
161 206
161 264
161 269
161 278
161 280
161 283
161 295
162 168
162 191
162 192
162 239
162 277
162 279
163 174
163 175
163 178
163 187
163 189
163 206
163 224
163 238
163 261
163 264
163 269
163 270
163 278
163 280
163 283
163 295
164 165
164 166
164 167
164 170
164 171
164 173
164 176
164 177
164 180
164 181
164 188
164 190
164 193
164 194
164 195
164 196
164 197
164 198
164 201
164 202
164 203
164 204
164 207
164 208
164 209
164 210
164 211
164 212
164 213
164 214
164 215
164 218
164 219
164 220
164 223
164 227
164 228
164 231
164 232
164 233
164 235
164 236
164 237
164 241
164 242
164 243
164 245
164 246
164 247
164 248
164 249
164 250
164 251
164 252
164 253
164 254
164 255
164 256
164 257
164 262
164 263
164 266
164 267
164 274
164 275
164 281
164 282
164 285
164 287
164 288
164 289
164 291
164 292
164 293
164 294
164 297
164 299
165 167
165 169
165 171
165 173
165 177
165 180
165 181
165 188
165 190
165 193
165 194
165 195
165 196
165 197
165 198
165 201
165 202
165 203
165 204
165 208
165 209
165 210
165 211
165 212
165 213
165 214
165 215
165 218
165 220
165 223
165 227
165 228
165 231
165 232
165 233
165 235
165 236
165 237
165 240
165 241
165 242
165 243
165 245
165 246
165 247
165 248
165 249
165 250
165 251
165 252
165 253
165 254
165 255
165 256
165 263
165 266
165 267
165 274
165 275
165 276
165 281
165 282
165 285
165 287
165 288
165 289
165 291
165 292
165 293
165 294
165 297
165 299
166 167
166 169
166 170
166 171
166 173
166 176
166 177
166 180
166 181
166 188
166 190
166 193
166 194
166 195
166 196
166 197
166 198
166 201
166 202
166 203
166 204
166 208
166 209
166 210
166 211
166 212
166 213
166 214
166 215
166 218
166 220
166 222
166 223
166 227
166 228
166 231
166 232
166 233
166 235
166 236
166 237
166 240
166 241
166 242
166 243
166 245
166 246
166 247
166 248
166 249
166 250
166 251
166 252
166 253
166 254
166 255
166 256
166 263
166 266
166 267
166 274
166 275
166 276
166 281
166 282
166 285
166 287
166 288
166 289
166 291
166 292
166 293
166 294
166 297
166 299
166 300
167 169
167 171
167 173
167 176
167 177
167 180
167 181
167 188
167 190
167 193
167 194
167 195
167 197
167 198
167 201
167 203
167 204
167 207
167 209
167 210
167 211
167 212
167 213
167 214
167 217
167 218
167 219
167 220
167 222
167 223
167 227
167 228
167 231
167 232
167 233
167 235
167 236
167 237
167 240
167 241
167 242
167 243
167 245
167 246
167 247
167 248
167 249
167 250
167 251
167 252
167 253
167 254
167 255
167 257
167 262
167 263
167 266
167 267
167 274
167 275
167 276
167 281
167 282
167 285
167 287
167 288
167 289
167 291
167 292
167 293
167 294
167 297
167 299
167 300
168 205
168 239
168 272
168 277
169 170
169 171
169 173
169 176
169 177
169 180
169 181
169 188
169 190
169 193
169 194
169 195
169 196
169 197
169 198
169 201
169 202
169 203
169 204
169 207
169 208
169 209
169 210
169 211
169 212
169 213
169 214
169 215
169 219
169 220
169 223
169 228
169 231
169 232
169 233
169 235
169 236
169 237
169 241
169 243
169 245
169 246
169 247
169 248
169 249
169 250
169 251
169 252
169 253
169 254
169 255
169 256
169 257
169 262
169 263
169 266
169 267
169 274
169 275
169 281
169 282
169 285
169 287
169 288
169 289
169 291
169 292
169 293
169 294
169 297
169 300
170 171
170 173
170 177
170 180
170 181
170 188
170 190
170 193
170 194
170 195
170 197
170 198
170 203
170 207
170 209
170 210
170 211
170 212
170 213
170 217
170 218
170 219
170 220
170 222
170 223
170 228
170 231
170 232
170 233
170 235
170 236
170 237
170 240
170 241
170 243
170 245
170 246
170 247
170 248
170 249
170 250
170 252
170 253
170 254
170 255
170 257
170 262
170 263
170 266
170 267
170 274
170 275
170 276
170 281
170 282
170 285
170 287
170 288
170 289
170 291
170 293
170 294
170 299
170 300
171 173
171 176
171 177
171 180
171 181
171 188
171 190
171 193
171 194
171 195
171 196
171 197
171 198
171 201
171 202
171 203
171 204
171 207
171 208
171 209
171 210
171 211
171 212
171 213
171 215
171 217
171 218
171 219
171 220
171 222
171 228
171 231
171 233
171 235
171 236
171 237
171 240
171 241
171 242
171 243
171 246
171 247
171 248
171 249
171 250
171 251
171 252
171 253
171 254
171 255
171 256
171 257
171 262
171 263
171 266
171 267
171 274
171 275
171 276
171 281
171 282
171 287
171 288
171 289
171 291
171 292
171 293
171 294
171 299
171 300
172 205
173 176
173 177
173 180
173 188
173 190
173 193
173 194
173 195
173 196
173 197
173 198
173 201
173 202
173 203
173 204
173 207
173 208
173 209
173 210
173 211
173 212
173 213
173 215
173 218
173 219
173 220
173 222
173 223
173 227
173 228
173 231
173 232
173 233
173 235
173 236
173 237
173 240
173 241
173 242
173 243
173 245
173 246
173 247
173 248
173 250
173 251
173 252
173 254
173 255
173 256
173 257
173 262
173 263
173 266
173 267
173 275
173 276
173 281
173 282
173 285
173 287
173 291
173 292
173 293
173 294
173 299
173 300
174 178
174 187
174 189
174 224
174 238
174 261
174 264
174 269
174 270
174 278
174 280
174 283
174 295
175 178
175 187
175 189
175 224
175 238
175 261
175 269
175 270
175 278
175 280
175 283
175 295
176 177
176 180
176 188
176 190
176 193
176 194
176 196
176 197
176 198
176 203
176 204
176 207
176 209
176 210
176 211
176 212
176 214
176 215
176 219
176 220
176 222
176 223
176 228
176 231
176 232
176 233
176 235
176 236
176 237
176 240
176 243
176 245
176 247
176 249
176 250
176 252
176 253
176 254
176 257
176 262
176 263
176 267
176 275
176 276
176 281
176 282
176 285
176 287
176 289
176 291
176 293
176 294
176 300
177 180
177 181
177 188
177 190
177 193
177 194
177 195
177 196
177 197
177 198
177 201
177 203
177 204
177 207
177 208
177 209
177 210
177 211
177 212
177 213
177 215
177 218
177 219
177 220
177 223
177 227
177 228
177 231
177 232
177 233
177 235
177 236
177 237
177 240
177 241
177 242
177 243
177 245
177 246
177 247
177 248
177 249
177 250
177 251
177 252
177 253
177 254
177 255
177 256
177 257
177 262
177 263
177 266
177 267
177 275
177 276
177 281
177 282
177 285
177 287
177 288
177 289
177 291
177 292
177 293
177 294
178 187
178 189
178 206
178 238
178 261
178 264
178 269
178 270
178 278
178 295
179 272
180 181
180 188
180 190
180 193
180 194
180 195
180 196
180 197
180 198
180 201
180 202
180 203
180 204
180 207
180 208
180 209
180 210
180 211
180 212
180 213
180 214
180 215
180 218
180 219
180 220
180 222
180 223
180 227
180 228
180 231
180 232
180 233
180 235
180 236
180 237
180 240
180 241
180 242
180 243
180 245
180 246
180 247
180 248
180 249
180 250
180 251
180 253
180 254
180 255
180 256
180 257
180 262
180 263
180 266
180 267
180 274
180 275
180 276
180 281
180 282
180 285
180 287
180 288
180 289
180 291
180 292
180 294
180 297
180 299
180 300
181 188
181 190
181 194
181 195
181 197
181 198
181 201
181 202
181 203
181 204
181 207
181 208
181 209
181 210
181 212
181 213
181 215
181 219
181 220
181 223
181 227
181 231
181 232
181 233
181 235
181 236
181 237
181 243
181 245
181 246
181 247
181 248
181 250
181 251
181 252
181 254
181 255
181 256
181 257
181 262
181 263
181 266
181 267
181 275
181 276
181 281
181 285
181 287
181 291
181 293
181 294
182 200
182 268
184 205
184 259
184 290
185 225
185 280
186 191
186 192
186 205
186 221
186 259
186 271
186 290
187 189
187 205
187 206
187 216
187 224
187 261
187 269
187 280
187 283
187 295
188 190
188 196
188 198
188 201
188 203
188 204
188 207
188 208
188 209
188 210
188 211
188 212
188 213
188 215
188 218
188 219
188 220
188 222
188 223
188 228
188 231
188 232
188 233
188 235
188 236
188 237
188 240
188 241
188 243
188 245
188 246
188 248
188 249
188 250
188 252
188 253
188 254
188 256
188 257
188 262
188 263
188 267
188 274
188 275
188 276
188 282
188 285
188 287
188 288
188 289
188 291
188 293
188 299
188 300
189 206
189 224
189 238
189 261
189 264
189 270
189 278
189 280
189 283
189 295
190 194
190 195
190 196
190 197
190 198
190 201
190 202
190 203
190 204
190 207
190 208
190 210
190 211
190 212
190 213
190 214
190 215
190 218
190 219
190 222
190 223
190 227
190 228
190 231
190 232
190 233
190 235
190 237
190 240
190 242
190 243
190 245
190 247
190 248
190 249
190 250
190 251
190 252
190 253
190 254
190 255
190 256
190 257
190 262
190 263
190 266
190 267
190 274
190 275
190 276
190 281
190 282
190 285
190 287
190 288
190 289
190 293
190 294
190 299
190 300
191 205
191 230
191 239
191 260
191 265
191 272
191 277
192 239
192 260
192 265
192 272
192 277
193 196
193 197
193 198
193 201
193 202
193 203
193 207
193 210
193 211
193 212
193 213
193 215
193 218
193 219
193 223
193 228
193 231
193 232
193 233
193 235
193 237
193 240
193 242
193 245
193 247
193 249
193 250
193 252
193 253
193 254
193 255
193 256
193 257
193 262
193 266
193 267
193 274
193 276
193 281
193 282
193 285
193 287
193 289
193 292
193 293
193 294
193 297
193 299
194 196
194 198
194 202
194 203
194 204
194 207
194 208
194 209
194 210
194 211
194 212
194 213
194 215
194 219
194 220
194 223
194 227
194 228
194 231
194 232
194 233
194 235
194 236
194 240
194 241
194 243
194 245
194 246
194 248
194 249
194 250
194 251
194 252
194 253
194 254
194 256
194 257
194 262
194 263
194 267
194 275
194 276
194 282
194 285
194 287
194 288
194 289
194 291
194 293
194 297
195 198
195 201
195 202
195 203
195 204
195 207
195 208
195 209
195 210
195 212
195 213
195 215
195 219
195 220
195 223
195 227
195 228
195 231
195 232
195 233
195 235
195 236
195 237
195 243
195 245
195 246
195 248
195 249
195 250
195 251
195 252
195 253
195 254
195 257
195 262
195 263
195 267
195 275
195 276
195 285
195 287
195 288
195 289
195 291
195 293
196 197
196 198
196 203
196 204
196 207
196 210
196 211
196 212
196 213
196 218
196 219
196 220
196 222
196 223
196 227
196 228
196 231
196 232
196 233
196 235
196 236
196 237
196 240
196 241
196 242
196 243
196 245
196 246
196 247
196 248
196 249
196 250
196 251
196 252
196 253
196 254
196 255
196 257
196 262
196 263
196 266
196 267
196 275
196 276
196 281
196 282
196 285
196 287
196 289
196 291
196 292
196 293
196 294
196 299
196 300
197 198
197 201
197 203
197 204
197 207
197 208
197 209
197 210
197 211
197 212
197 213
197 214
197 215
197 218
197 219
197 220
197 222
197 223
197 228
197 231
197 232
197 233
197 235
197 236
197 237
197 240
197 241
197 243
197 245
197 246
197 248
197 249
197 250
197 252
197 253
197 254
197 256
197 257
197 262
197 263
197 267
197 274
197 275
197 276
197 282
197 285
197 287
197 288
197 289
197 291
197 292
197 293
197 299
197 300
198 202
198 203
198 204
198 207
198 208
198 209
198 210
198 211
198 212
198 213
198 214
198 215
198 218
198 219
198 220
198 222
198 223
198 227
198 228
198 231
198 232
198 235
198 236
198 237
198 240
198 241
198 242
198 243
198 245
198 246
198 247
198 248
198 249
198 250
198 252
198 253
198 254
198 255
198 256
198 257
198 262
198 263
198 266
198 267
198 274
198 276
198 281
198 282
198 285
198 287
198 288
198 289
198 291
198 292
198 293
198 294
198 299
198 300
199 206
199 224
199 258
199 270
201 203
201 207
201 209
201 210
201 212
201 213
201 215
201 219
201 220
201 227
201 228
201 231
201 232
201 235
201 236
201 240
201 243
201 245
201 246
201 247
201 248
201 249
201 250
201 252
201 253
201 255
201 257
201 266
201 267
201 276
201 285
201 287
201 288
201 289
201 291
201 292
201 293
201 294
201 299
202 203
202 204
202 207
202 209
202 211
202 212
202 214
202 219
202 220
202 222
202 227
202 231
202 232
202 233
202 235
202 236
202 240
202 241
202 242
202 243
202 245
202 246
202 247
202 249
202 250
202 251
202 252
202 253
202 254
202 255
202 257
202 262
202 266
202 267
202 275
202 276
202 282
202 285
202 287
202 288
202 289
202 291
202 292
202 293
202 294
202 299
202 300
203 204
203 207
203 208
203 209
203 210
203 212
203 213
203 214
203 215
203 218
203 219
203 220
203 222
203 223
203 227
203 228
203 231
203 232
203 233
203 235
203 236
203 237
203 240
203 241
203 242
203 243
203 245
203 246
203 247
203 248
203 249
203 250
203 251
203 252
203 253
203 254
203 255
203 256
203 257
203 262
203 263
203 266
203 274
203 275
203 276
203 281
203 285
203 287
203 288
203 289
203 291
203 292
203 293
203 294
203 297
203 299
204 207
204 208
204 209
204 210
204 211
204 212
204 213
204 215
204 219
204 220
204 223
204 227
204 228
204 231
204 232
204 233
204 235
204 236
204 240
204 241
204 245
204 246
204 247
204 249
204 250
204 251
204 252
204 253
204 254
204 255
204 256
204 257
204 266
204 267
204 275
204 276
204 281
204 282
204 285
204 287
204 288
204 289
204 291
204 293
204 294
204 297
205 221
205 230
205 234
205 239
205 259
205 260
205 271
205 272
205 290
205 298
206 216
206 224
206 229
206 238
206 258
206 261
206 264
206 269
206 270
206 278
206 280
206 283
206 295
207 208
207 209
207 211
207 212
207 213
207 214
207 215
207 220
207 222
207 223
207 227
207 228
207 231
207 232
207 233
207 235
207 236
207 237
207 240
207 241
207 242
207 243
207 245
207 246
207 247
207 248
207 249
207 250
207 251
207 252
207 253
207 254
207 255
207 256
207 263
207 266
207 267
207 274
207 275
207 276
207 281
207 282
207 285
207 287
207 288
207 289
207 291
207 292
207 293
207 294
207 297
207 299
208 209
208 210
208 211
208 212
208 213
208 214
208 219
208 220
208 222
208 223
208 227
208 228
208 231
208 232
208 233
208 235
208 236
208 237
208 241
208 242
208 243
208 245
208 246
208 247
208 248
208 249
208 250
208 251
208 252
208 253
208 254
208 255
208 257
208 262
208 263
208 266
208 267
208 274
208 275
208 276
208 281
208 282
208 285
208 287
208 288
208 289
208 291
208 293
208 294
208 297
209 210
209 211
209 212
209 213
209 214
209 215
209 219
209 222
209 223
209 227
209 228
209 231
209 232
209 233
209 235
209 237
209 240
209 243
209 245
209 247
209 248
209 249
209 250
209 251
209 252
209 253
209 254
209 255
209 256
209 257
209 262
209 263
209 266
209 267
209 274
209 275
209 276
209 281
209 282
209 285
209 287
209 288
209 289
209 293
209 294
209 300
210 211
210 212
210 213
210 215
210 219
210 220
210 222
210 223
210 227
210 228
210 231
210 232
210 233
210 236
210 240
210 241
210 243
210 245
210 246
210 247
210 248
210 249
210 252
210 253
210 254
210 255
210 256
210 257
210 262
210 263
210 266
210 267
210 275
210 276
210 281
210 282
210 285
210 287
210 288
210 289
210 291
210 293
210 294
210 297
210 300
211 212
211 213
211 215
211 218
211 219
211 220
211 222
211 223
211 227
211 228
211 231
211 232
211 233
211 235
211 236
211 237
211 240
211 241
211 243
211 245
211 246
211 247
211 248
211 249
211 250
211 251
211 252
211 253
211 255
211 256
211 257
211 262
211 263
211 266
211 275
211 276
211 281
211 285
211 287
211 289
211 291
211 292
211 293
211 294
211 299
212 213
212 214
212 215
212 217
212 218
212 219
212 220
212 222
212 223
212 227
212 228
212 231
212 232
212 233
212 235
212 236
212 237
212 240
212 241
212 242
212 243
212 245
212 246
212 247
212 249
212 250
212 251
212 252
212 253
212 254
212 255
212 256
212 257
212 262
212 263
212 266
212 267
212 274
212 275
212 276
212 281
212 282
212 285
212 287
212 288
212 289
212 291
212 292
212 293
212 294
212 297
212 299
212 300
213 215
213 218
213 219
213 220
213 222
213 223
213 228
213 231
213 232
213 233
213 235
213 236
213 237
213 240
213 241
213 242
213 243
213 245
213 246
213 247
213 248
213 249
213 250
213 252
213 253
213 254
213 255
213 256
213 257
213 262
213 263
213 266
213 267
213 274
213 275
213 276
213 281
213 282
213 285
213 287
213 288
213 289
213 291
213 292
213 293
213 294
213 300
214 215
214 219
214 220
214 228
214 231
214 232
214 233
214 245
214 247
214 248
214 249
214 253
214 254
214 267
214 274
214 275
214 276
214 285
214 287
214 289
214 291
214 293
214 294
214 299
215 218
215 219
215 220
215 222
215 223
215 227
215 228
215 231
215 232
215 233
215 235
215 236
215 237
215 240
215 241
215 242
215 243
215 245
215 246
215 247
215 248
215 249
215 250
215 251
215 252
215 253
215 254
215 255
215 257
215 262
215 263
215 266
215 267
215 274
215 275
215 276
215 281
215 282
215 285
215 287
215 288
215 289
215 291
215 292
215 293
215 294
215 297
215 299
215 300
216 224
216 261
216 270
217 219
217 226
217 241
217 242
217 250
217 266
217 289
217 291
217 292
218 219
218 220
218 222
218 228
218 232
218 233
218 235
218 236
218 237
218 240
218 241
218 243
218 245
218 246
218 247
218 250
218 252
218 253
218 254
218 257
218 262
218 263
218 275
218 276
218 282
218 285
218 289
218 291
218 292
218 294
218 299
219 220
219 222
219 223
219 227
219 228
219 231
219 232
219 233
219 235
219 236
219 237
219 240
219 241
219 242
219 243
219 245
219 246
219 247
219 248
219 249
219 250
219 251
219 252
219 253
219 254
219 255
219 256
219 263
219 266
219 267
219 274
219 275
219 276
219 281
219 282
219 285
219 287
219 288
219 289
219 291
219 293
219 294
219 300
220 222
220 223
220 227
220 228
220 231
220 232
220 233
220 235
220 237
220 240
220 242
220 243
220 245
220 247
220 248
220 249
220 250
220 251
220 252
220 253
220 254
220 255
220 256
220 257
220 262
220 263
220 266
220 267
220 274
220 275
220 276
220 281
220 282
220 285
220 287
220 288
220 289
220 292
220 293
220 294
220 297
220 299
220 300
221 259
221 260
221 271
221 298
222 223
222 227
222 228
222 231
222 232
222 233
222 235
222 236
222 237
222 241
222 243
222 245
222 246
222 247
222 248
222 249
222 250
222 252
222 253
222 255
222 256
222 257
222 262
222 263
222 266
222 267
222 275
222 281
222 282
222 285
222 287
222 289
222 291
222 292
222 293
222 294
222 299
222 300
223 228
223 231
223 233
223 235
223 236
223 237
223 240
223 241
223 242
223 243
223 246
223 247
223 248
223 249
223 250
223 252
223 253
223 254
223 255
223 256
223 257
223 262
223 263
223 266
223 267
223 274
223 275
223 276
223 281
223 282
223 287
223 288
223 289
223 291
223 293
223 294
223 300
224 225
224 238
224 258
224 261
224 264
224 269
224 270
224 295
225 270
226 242
226 254
226 291
226 292
226 299
227 231
227 233
227 235
227 236
227 242
227 243
227 246
227 247
227 249
227 250
227 251
227 252
227 253
227 254
227 255
227 257
227 266
227 267
227 275
227 276
227 282
227 287
227 288
227 289
227 293
228 231
228 232
228 233
228 235
228 236
228 237
228 240
228 241
228 242
228 243
228 245
228 246
228 247
228 248
228 249
228 250
228 251
228 252
228 253
228 257
228 262
228 263
228 266
228 267
228 274
228 275
228 276
228 281
228 282
228 285
228 288
228 289
228 291
228 292
228 293
228 294
228 299
228 300
230 259
230 260
230 280
230 290
231 232
231 233
231 235
231 236
231 237
231 240
231 241
231 242
231 243
231 245
231 246
231 247
231 248
231 249
231 250
231 251
231 252
231 253
231 254
231 255
231 256
231 257
231 262
231 266
231 267
231 275
231 276
231 281
231 282
231 285
231 287
231 288
231 289
231 291
231 292
231 293
231 294
231 299
231 300
232 233
232 235
232 236
232 237
232 240
232 241
232 242
232 243
232 246
232 247
232 248
232 249
232 250
232 251
232 252
232 253
232 254
232 255
232 256
232 257
232 262
232 263
232 266
232 267
232 274
232 275
232 276
232 281
232 282
232 287
232 288
232 289
232 291
232 292
232 293
232 294
232 297
232 299
232 300
233 235
233 236
233 237
233 240
233 241
233 242
233 243
233 245
233 246
233 247
233 248
233 249
233 250
233 252
233 253
233 254
233 255
233 256
233 257
233 262
233 263
233 266
233 267
233 274
233 276
233 281
233 282
233 285
233 287
233 288
233 289
233 291
233 292
233 293
233 294
233 297
233 299
233 300
234 259
234 290
235 236
235 240
235 241
235 242
235 243
235 244
235 245
235 246
235 247
235 248
235 249
235 251
235 252
235 253
235 254
235 255
235 256
235 257
235 262
235 263
235 266
235 267
235 274
235 275
235 276
235 281
235 282
235 285
235 287
235 288
235 289
235 291
235 292
235 293
235 294
235 299
235 300
236 237
236 240
236 242
236 243
236 245
236 247
236 248
236 249
236 250
236 251
236 252
236 253
236 254
236 255
236 256
236 257
236 262
236 263
236 266
236 267
236 275
236 276
236 281
236 282
236 285
236 287
236 288
236 289
236 293
236 294
236 299
236 300
237 240
237 241
237 243
237 245
237 246
237 247
237 248
237 249
237 252
237 253
237 254
237 255
237 256
237 257
237 262
237 263
237 266
237 267
237 274
237 275
237 276
237 281
237 282
237 285
237 287
237 288
237 289
237 291
237 292
237 293
237 294
237 299
237 300
238 261
238 269
238 280
238 283
238 295
239 272
239 277
239 279
240 241
240 242
240 243
240 245
240 246
240 247
240 248
240 249
240 250
240 252
240 253
240 254
240 256
240 257
240 262
240 263
240 266
240 267
240 274
240 275
240 281
240 282
240 285
240 287
240 288
240 289
240 291
240 293
240 294
240 297
240 299
240 300
241 242
241 243
241 245
241 247
241 248
241 249
241 250
241 252
241 253
241 254
241 255
241 256
241 257
241 262
241 263
241 266
241 267
241 274
241 275
241 276
241 282
241 285
241 287
241 289
241 292
241 293
241 294
241 297
241 299
241 300
242 243
242 245
242 246
242 249
242 250
242 251
242 252
242 253
242 254
242 256
242 257
242 262
242 263
242 267
242 274
242 275
242 276
242 282
242 285
242 287
242 288
242 289
242 291
242 292
242 293
242 299
243 245
243 246
243 247
243 248
243 249
243 250
243 251
243 252
243 253
243 254
243 255
243 256
243 257
243 262
243 263
243 266
243 267
243 274
243 275
243 276
243 281
243 282
243 285
243 287
243 288
243 289
243 291
243 293
243 294
243 299
245 246
245 247
245 248
245 249
245 250
245 251
245 252
245 253
245 254
245 255
245 256
245 257
245 262
245 263
245 266
245 267
245 274
245 275
245 276
245 281
245 282
245 287
245 288
245 289
245 291
245 292
245 293
245 294
245 297
245 299
245 300
246 247
246 248
246 249
246 250
246 252
246 253
246 254
246 255
246 256
246 257
246 262
246 263
246 266
246 267
246 275
246 276
246 281
246 282
246 285
246 287
246 288
246 289
246 292
246 293
246 294
246 299
246 300
247 248
247 249
247 250
247 251
247 252
247 253
247 254
247 256
247 257
247 262
247 263
247 267
247 274
247 275
247 276
247 282
247 285
247 287
247 288
247 289
247 291
247 292
247 293
247 299
247 300
248 249
248 250
248 252
248 253
248 254
248 256
248 257
248 262
248 263
248 266
248 267
248 274
248 275
248 276
248 281
248 282
248 285
248 287
248 288
248 289
248 291
248 293
248 300
249 250
249 251
249 252
249 254
249 255
249 256
249 257
249 262
249 263
249 266
249 267
249 274
249 275
249 276
249 281
249 282
249 285
249 287
249 291
249 292
249 293
249 294
249 297
249 299
249 300
250 251
250 252
250 253
250 254
250 255
250 256
250 257
250 262
250 263
250 266
250 267
250 274
250 275
250 276
250 281
250 282
250 285
250 287
250 288
250 289
250 291
250 292
250 293
250 294
250 297
250 299
250 300
251 252
251 253
251 254
251 255
251 257
251 266
251 267
251 276
251 282
251 285
251 287
251 288
251 289
251 291
251 292
251 293
251 294
251 299
252 253
252 254
252 255
252 256
252 257
252 262
252 263
252 266
252 267
252 275
252 276
252 281
252 282
252 285
252 287
252 288
252 289
252 291
252 292
252 294
252 297
252 299
252 300
253 254
253 255
253 256
253 257
253 262
253 263
253 266
253 267
253 274
253 275
253 276
253 281
253 282
253 285
253 287
253 291
253 292
253 293
253 294
253 297
253 299
253 300
254 255
254 256
254 257
254 262
254 263
254 266
254 267
254 275
254 276
254 281
254 282
254 285
254 288
254 289
254 291
254 293
254 294
254 297
254 299
255 256
255 257
255 262
255 263
255 267
255 274
255 275
255 276
255 282
255 285
255 287
255 288
255 289
255 291
255 293
255 299
255 300
256 257
256 262
256 263
256 266
256 267
256 274
256 275
256 276
256 281
256 282
256 285
256 287
256 288
256 289
256 291
256 292
256 293
256 294
256 299
257 263
257 266
257 267
257 274
257 275
257 276
257 281
257 282
257 285
257 287
257 288
257 289
257 291
257 292
257 293
257 294
257 299
257 300
258 261
258 270
259 271
259 272
259 290
259 298
260 271
260 272
260 273
260 279
260 290
260 298
261 264
261 269
261 270
261 278
261 280
261 283
261 295
262 263
262 266
262 267
262 274
262 275
262 276
262 281
262 282
262 285
262 287
262 288
262 289
262 291
262 292
262 293
262 294
262 299
263 266
263 267
263 275
263 276
263 281
263 282
263 285
263 287
263 288
263 289
263 291
263 292
263 293
263 294
263 299
263 300
264 269
264 280
264 283
264 295
265 277
266 267
266 274
266 275
266 276
266 282
266 285
266 287
266 288
266 289
266 291
266 292
266 293
266 297
266 299
266 300
267 274
267 275
267 276
267 281
267 285
267 287
267 288
267 289
267 291
267 292
267 293
267 294
267 299
269 270
269 278
269 280
269 283
270 280
270 283
270 295
271 298
272 296
274 275
274 276
274 281
274 285
274 287
274 289
274 291
274 293
274 294
274 299
275 276
275 281
275 282
275 285
275 287
275 288
275 289
275 291
275 292
275 293
275 294
275 297
275 299
275 300
276 281
276 282
276 285
276 287
276 288
276 289
276 291
276 292
276 293
276 294
276 297
276 299
276 300
277 279
278 280
278 283
278 295
280 295
281 282
281 285
281 287
281 289
281 291
281 292
281 293
281 300
282 285
282 287
282 288
282 289
282 291
282 292
282 293
282 294
282 299
283 295
285 287
285 288
285 289
285 291
285 292
285 293
285 294
285 297
285 299
285 300
287 288
287 289
287 291
287 292
287 293
287 294
287 297
287 299
287 300
288 291
288 293
288 294
289 291
289 292
289 293
289 294
289 297
289 299
289 300
291 292
291 293
291 294
291 299
291 300
292 293
292 294
292 299
292 300
293 294
293 297
293 299
293 300
294 297
294 299
299 300