heur051_n_300_m_20122
1 35
1 172
1 185
1 223
1 271
1 272
1 275
1 279
1 280
1 292
1 294
1 298
2 35
2 172
2 180
2 185
2 223
2 224
2 271
2 279
2 280
2 291
2 292
2 297
3 35
3 152
3 154
3 157
3 158
3 162
3 171
3 172
3 175
3 176
3 184
3 186
3 188
3 190
3 195
3 200
3 206
3 213
3 219
3 220
3 223
3 229
3 232
3 234
3 237
3 242
3 243
3 252
3 260
3 263
3 265
3 267
3 271
3 272
3 275
3 279
3 281
3 283
3 285
3 289
3 292
3 297
3 298
4 35
4 172
4 180
4 185
4 223
4 242
4 271
4 272
4 275
4 279
4 280
4 284
4 289
4 291
4 292
4 297
5 35
5 172
5 185
5 206
5 223
5 271
5 272
5 275
5 276
5 279
5 292
6 35
6 172
6 180
6 185
6 223
6 270
6 271
6 272
6 275
6 279
6 289
6 292
6 298
7 35
7 172
7 180
7 185
7 223
7 271
7 272
7 275
7 279
7 280
7 289
7 292
7 298
8 35
8 172
8 185
8 223
8 270
8 271
8 272
8 275
8 279
8 280
8 286
8 292
9 35
9 172
9 185
9 223
9 270
9 271
9 272
9 275
9 279
9 289
9 292
9 298
10 35
10 172
10 180
10 185
10 223
10 224
10 270
10 271
10 272
10 275
10 279
10 289
10 292
10 298
11 35
11 104
11 154
11 163
11 171
11 172
11 185
11 186
11 213
11 223
11 267
11 271
11 272
11 279
11 286
11 289
11 292
11 297
11 298
12 35
12 172
12 180
12 197
12 207
12 223
12 229
12 269
12 271
12 272
12 278
12 279
12 280
12 289
12 292
12 297
12 298
12 300
13 35
13 155
13 172
13 185
13 213
13 223
13 224
13 229
13 237
13 254
13 267
13 271
13 272
13 279
13 280
13 289
13 292
13 297
14 35
14 172
14 180
14 185
14 223
14 270
14 271
14 272
14 275
14 279
14 280
14 286
14 292
14 297
14 300
15 35
15 172
15 185
15 206
15 223
15 260
15 271
15 272
15 275
15 279
15 289
15 292
15 297
15 298
16 35
16 172
16 180
16 185
16 223
16 270
16 271
16 272
16 275
16 279
16 280
16 286
16 289
16 292
16 298
16 300
17 35
17 172
17 185
17 223
17 271
17 272
17 280
17 286
17 291
17 292
17 294
17 297
18 35
18 111
18 146
18 172
18 201
18 206
18 208
18 220
18 229
18 234
18 237
18 243
18 254
18 260
18 265
18 266
18 268
18 269
18 271
18 272
18 278
18 279
18 280
18 283
18 292
18 294
18 297
18 298
18 300
19 35
19 59
19 93
19 143
19 172
19 180
19 185
19 223
19 268
19 270
19 271
19 279
19 280
19 285
19 286
19 287
19 288
19 292
19 293
19 294
19 297
19 300
20 35
20 172
20 176
20 180
20 183
20 184
20 185
20 218
20 223
20 224
20 241
20 271
20 272
20 275
20 278
20 279
20 283
20 289
20 290
20 292
20 295
20 298
21 172
21 185
21 223
21 234
21 237
21 270
21 271
21 272
21 275
21 279
21 289
21 292
21 294
21 297
21 298
22 35
22 154
22 172
22 185
22 186
22 223
22 269
22 271
22 272
22 275
22 279
22 280
22 281
22 289
22 292
23 35
23 172
23 180
23 185
23 223
23 271
23 272
23 275
23 279
23 280
23 292
23 297
24 35
24 115
24 154
24 172
24 185
24 186
24 223
24 229
24 260
24 271
24 272
24 275
24 279
24 292
24 297
24 298
25 35
25 172
25 184
25 185
25 206
25 223
25 234
25 270
25 271
25 275
25 279
25 280
25 289
25 292
25 295
25 298
26 35
26 172
26 180
26 185
26 223
26 271
26 272
26 279
26 289
26 292
26 300
27 35
27 172
27 180
27 185
27 223
27 271
27 272
27 275
27 279
27 284
27 289
27 292
27 297
27 298
28 35
28 172
28 180
28 185
28 223
28 271
28 272
28 279
28 280
28 289
28 292
28 294
28 298
28 300
29 35
29 172
29 185
29 206
29 223
29 242
29 260
29 271
29 272
29 275
29 279
29 280
29 281
29 289
29 292
29 297
29 298
30 35
30 111
30 172
30 185
30 223
30 267
30 269
30 271
30 279
30 289
30 292
30 294
30 295
30 297
30 298
30 300
31 35
31 154
31 172
31 180
31 223
31 234
31 270
31 271
31 272
31 275
31 279
31 281
31 289
31 292
31 297
31 298
32 35
32 148
32 154
32 164
32 166
32 169
32 171
32 172
32 184
32 186
32 187
32 190
32 192
32 199
32 202
32 208
32 214
32 221
32 223
32 224
32 225
32 226
32 229
32 242
32 243
32 255
32 258
32 260
32 262
32 267
32 271
32 272
32 275
32 279
32 280
32 292
32 297
33 35
33 104
33 105
33 132
33 144
33 146
33 147
33 148
33 150
33 151
33 154
33 155
33 158
33 162
33 163
33 164
33 165
33 166
33 167
33 168
33 169
33 171
33 175
33 176
33 179
33 180
33 182
33 183
33 184
33 186
33 187
33 189
33 190
33 194
33 195
33 196
33 197
33 198
33 200
33 202
33 205
33 208
33 209
33 210
33 211
33 212
33 215
33 216
33 218
33 219
33 221
33 223
33 226
33 227
33 229
33 230
33 233
33 236
33 238
33 240
33 242
33 245
33 247
33 250
33 253
33 256
33 257
33 258
33 259
33 260
33 266
33 267
33 271
33 272
33 275
33 279
33 280
33 289
33 292
33 297
33 298
34 35
34 154
34 172
34 185
34 186
34 223
34 229
34 271
34 272
34 275
34 278
34 279
34 280
34 286
34 289
34 292
34 297
34 298
35 36
35 37
35 38
35 39
35 40
35 41
35 42
35 43
35 44
35 45
35 46
35 47
35 48
35 49
35 50
35 51
35 52
35 53
35 54
35 55
35 56
35 57
35 58
35 59
35 60
35 61
35 62
35 63
35 64
35 65
35 66
35 67
35 68
35 69
35 70
35 71
35 73
35 74
35 75
35 76
35 77
35 78
35 79
35 80
35 81
35 82
35 83
35 84
35 85
35 86
35 87
35 88
35 89
35 90
35 91
35 92
35 93
35 94
35 95
35 96
35 97
35 98
35 99
35 100
35 101
35 102
35 103
35 104
35 105
35 106
35 107
35 108
35 109
35 110
35 112
35 113
35 114
35 116
35 117
35 118
35 119
35 120
35 121
35 122
35 123
35 124
35 125
35 126
35 127
35 128
35 130
35 131
35 133
35 134
35 135
35 136
35 137
35 138
35 139
35 140
35 141
35 142
35 143
35 180
35 202
35 203
35 206
35 224
35 268
35 269
35 270
35 271
35 274
35 276
35 278
35 280
35 282
35 284
35 286
35 289
35 291
35 295
35 298
36 72
36 93
36 104
36 115
36 154
36 172
36 176
36 184
36 185
36 201
36 203
36 206
36 208
36 213
36 220
36 223
36 229
36 230
36 234
36 242
36 243
36 252
36 254
36 258
36 260
36 265
36 266
36 270
36 271
36 272
36 275
36 279
36 289
36 292
36 298
37 59
37 143
37 172
37 180
37 185
37 223
37 271
37 272
37 275
37 279
37 289
37 292
37 297
37 298
38 115
38 172
38 180
38 185
38 223
38 268
38 271
38 272
38 275
38 279
38 283
38 284
38 288
38 292
38 293
38 297
38 300
39 115
39 172
39 185
39 223
39 271
39 272
39 275
39 279
39 284
39 289
39 292
39 298
40 172
40 185
40 223
40 268
40 271
40 272
40 275
40 277
40 280
40 281
40 285
40 287
40 288
40 292
40 297
40 299
40 300
41 172
41 185
41 201
41 223
41 254
41 271
41 272
41 279
41 280
41 285
41 286
41 287
41 292
41 294
41 298
41 300
42 154
42 172
42 185
42 223
42 271
42 272
42 275
42 279
42 289
42 292
42 298
43 154
43 157
43 171
43 172
43 185
43 186
43 206
43 223
43 229
43 242
43 271
43 272
43 275
43 279
43 284
43 292
43 297
43 298
44 115
44 172
44 180
44 185
44 206
44 223
44 260
44 270
44 271
44 272
44 275
44 279
44 289
44 292
44 297
44 298
45 172
45 185
45 223
45 260
45 271
45 272
45 275
45 279
45 284
45 289
45 292
45 298
46 172
46 176
46 185
46 223
46 271
46 272
46 275
46 279
46 280
46 283
46 289
46 292
46 297
47 172
47 185
47 223
47 271
47 272
47 273
47 280
47 286
47 290
47 292
47 294
47 297
47 299
47 300
48 172
48 185
48 223
48 271
48 272
48 275
48 279
48 280
48 289
48 292
48 297
48 298
49 172
49 206
49 223
49 242
49 267
49 269
49 271
49 272
49 275
49 278
49 279
49 281
49 289
49 292
49 297
49 298
50 72
50 111
50 115
50 132
50 172
50 180
50 185
50 223
50 268
50 271
50 275
50 279
50 282
50 283
50 284
50 285
50 286
50 287
50 288
50 292
50 293
50 297
50 300
51 59
51 115
51 172
51 176
51 185
51 192
51 223
51 270
51 271
51 272
51 275
51 279
51 284
51 289
51 292
51 294
51 295
51 298
52 172
52 185
52 223
52 270
52 271
52 272
52 275
52 279
52 280
52 292
52 297
53 172
53 180
53 185
53 223
53 271
53 272
53 279
53 280
53 286
53 291
53 292
53 297
53 300
54 154
54 172
54 180
54 185
54 223
54 270
54 271
54 272
54 275
54 279
54 286
54 292
55 59
55 72
55 83
55 93
55 115
55 143
55 148
55 152
55 153
55 154
55 156
55 157
55 158
55 159
55 162
55 171
55 172
55 174
55 175
55 179
55 183
55 184
55 185
55 188
55 190
55 193
55 195
55 198
55 200
55 201
55 207
55 212
55 214
55 215
55 218
55 220
55 223
55 224
55 234
55 236
55 237
55 243
55 247
55 251
55 252
55 253
55 254
55 264
55 265
55 269
55 271
55 272
55 275
55 279
55 281
55 284
55 288
55 289
55 292
55 293
55 297
55 298
56 172
56 180
56 185
56 223
56 270
56 271
56 272
56 275
56 279
56 289
56 292
56 298
57 172
57 185
57 206
57 223
57 242
57 260
57 271
57 272
57 275
57 279
57 288
57 289
57 292
57 297
57 298
58 138
58 180
58 185
58 223
58 271
58 272
58 279
58 280
58 289
58 292
58 294
58 297
58 298
58 300
59 73
59 105
59 107
59 120
59 154
59 172
59 180
59 213
59 223
59 270
59 271
59 272
59 279
59 289
59 292
59 294
59 298
59 300
60 172
60 185
60 186
60 223
60 269
60 270
60 271
60 272
60 279
60 280
60 288
60 289
60 292
60 294
60 298
60 300
61 172
61 185
61 223
61 269
61 271
61 272
61 275
61 279
61 280
61 289
61 292
61 297
61 298
62 172
62 185
62 223
62 271
62 272
62 280
62 286
62 291
62 292
63 172
63 223
63 267
63 268
63 269
63 271
63 272
63 278
63 279
63 280
63 281
63 283
63 286
63 289
63 292
63 293
63 294
63 297
63 300
64 172
64 180
64 185
64 223
64 224
64 271
64 272
64 279
64 280
64 292
64 295
65 172
65 180
65 185
65 223
65 271
65 272
65 275
65 279
65 280
65 289
65 291
65 292
65 294
65 297
65 298
66 111
66 158
66 172
66 180
66 185
66 223
66 271
66 272
66 279
66 280
66 292
66 293
66 294
66 297
66 300
67 172
67 185
67 186
67 223
67 271
67 272
67 275
67 279
67 280
67 281
67 289
67 292
67 297
68 115
68 154
68 171
68 172
68 185
68 206
68 223
68 225
68 260
68 271
68 272
68 275
68 279
68 284
68 289
68 292
68 298
69 157
69 169
69 172
69 184
69 190
69 206
69 213
69 223
69 229
69 232
69 234
69 260
69 267
69 271
69 272
69 275
69 279
69 280
69 289
69 292
69 293
69 297
69 298
70 172
70 180
70 185
70 223
70 270
70 271
70 272
70 275
70 279
70 289
70 292
70 298
71 172
71 180
71 185
71 223
71 271
71 272
71 279
71 280
71 286
71 292
71 294
72 76
72 82
72 86
72 108
72 114
72 117
72 120
72 138
72 172
72 180
72 185
72 223
72 224
72 271
72 272
72 279
72 286
72 289
72 291
72 292
72 297
72 298
72 300
73 115
73 143
73 172
73 185
73 223
73 267
73 269
73 271
73 275
73 276
73 279
73 281
73 282
73 283
73 285
73 286
73 287
73 288
73 292
73 293
73 299
73 300
74 172
74 180
74 186
74 223
74 268
74 269
74 271
74 272
74 278
74 279
74 280
74 283
74 289
74 292
74 294
74 297
74 298
74 300
75 154
75 157
75 172
75 185
75 186
75 206
75 223
75 229
75 269
75 271
75 272
75 275
75 278
75 280
75 286
75 292
75 297
75 298
76 111
76 115
76 153
76 154
76 172
76 185
76 212
76 223
76 232
76 237
76 242
76 243
76 260
76 262
76 265
76 268
76 270
76 271
76 272
76 275
76 279
76 280
76 288
76 289
76 292
76 293
76 298
77 172
77 185
77 223
77 271
77 272
77 275
77 286
77 289
77 292
77 297
78 154
78 172
78 185
78 186
78 223
78 229
78 269
78 271
78 272
78 275
78 278
78 279
78 280
78 286
78 292
78 297
79 115
79 172
79 185
79 223
79 271
79 272
79 275
79 279
79 284
79 289
79 292
79 295
79 297
79 298
80 172
80 185
80 223
80 271
80 272
80 275
80 279
80 280
80 286
80 292
80 297
81 172
81 180
81 185
81 223
81 224
81 270
81 271
81 272
81 275
81 279
81 292
82 132
82 146
82 148
82 154
82 157
82 169
82 171
82 172
82 175
82 185
82 186
82 187
82 190
82 199
82 206
82 212
82 213
82 214
82 216
82 220
82 221
82 223
82 226
82 229
82 234
82 237
82 242
82 243
82 252
82 258
82 260
82 264
82 265
82 271
82 275
82 279
82 281
82 282
82 288
82 292
82 293
82 298
83 114
83 172
83 180
83 185
83 223
83 224
83 271
83 272
83 279
83 280
83 291
83 294
83 297
83 298
84 172
84 180
84 185
84 223
84 271
84 272
84 279
84 280
84 286
84 291
84 292
84 295
84 297
84 298
84 300
85 172
85 180
85 185
85 223
85 271
85 272
85 275
85 279
85 280
85 289
85 292
85 298
86 148
86 152
86 154
86 157
86 163
86 164
86 172
86 175
86 176
86 184
86 185
86 186
86 187
86 190
86 192
86 199
86 201
86 203
86 206
86 208
86 212
86 213
86 220
86 221
86 223
86 226
86 229
86 230
86 234
86 237
86 242
86 252
86 260
86 265
86 270
86 271
86 272
86 275
86 279
86 283
86 292
86 294
86 298
87 172
87 180
87 185
87 223
87 271
87 272
87 275
87 279
87 280
87 281
87 292
87 297
87 298
88 172
88 180
88 185
88 223
88 243
88 271
88 272
88 279
88 280
88 286
88 289
88 291
88 292
88 297
88 298
89 172
89 185
89 223
89 271
89 272
89 279
89 280
89 281
89 286
89 292
89 294
90 172
90 180
90 185
90 223
90 224
90 271
90 272
90 275
90 279
90 289
90 292
90 294
90 297
90 298
91 172
91 185
91 223
91 270
91 271
91 272
91 279
91 280
91 292
91 294
91 298
91 300
92 172
92 180
92 185
92 223
92 270
92 271
92 272
92 275
92 279
92 280
92 286
92 292
92 297
92 300
93 107
93 138
93 169
93 172
93 180
93 185
93 199
93 223
93 224
93 271
93 272
93 275
93 279
93 289
93 291
93 292
93 297
93 298
94 172
94 185
94 223
94 271
94 272
94 279
94 280
94 292
94 294
94 297
94 300
95 157
95 172
95 176
95 184
95 185
95 206
95 213
95 220
95 223
95 234
95 242
95 260
95 268
95 271
95 273
95 278
95 279
95 282
95 284
95 286
95 287
95 288
95 289
95 293
95 295
95 296
95 298
95 300
96 154
96 172
96 184
96 185
96 186
96 201
96 213
96 220
96 223
96 229
96 260
96 270
96 271
96 272
96 275
96 279
96 284
96 292
96 298
97 172
97 206
97 223
97 260
97 271
97 272
97 278
97 279
97 280
97 281
97 289
97 292
97 293
97 297
97 300
98 171
98 172
98 185
98 213
98 223
98 271
98 272
98 275
98 279
98 280
98 289
98 292
98 298
99 104
99 115
99 132
99 144
99 147
99 152
99 153
99 154
99 155
99 157
99 162
99 169
99 178
99 179
99 183
99 184
99 185
99 188
99 190
99 193
99 195
99 198
99 200
99 201
99 204
99 207
99 208
99 213
99 215
99 217
99 218
99 219
99 220
99 221
99 223
99 229
99 234
99 236
99 237
99 240
99 243
99 252
99 254
99 259
99 263
99 265
99 266
99 271
99 272
99 275
99 279
99 284
99 292
99 297
99 298
100 172
100 180
100 185
100 223
100 270
100 271
100 272
100 279
100 280
100 286
100 292
100 294
100 300
101 111
101 172
101 185
101 223
101 271
101 272
101 279
101 280
101 286
101 292
101 294
101 300
102 172
102 180
102 185
102 223
102 272
102 279
102 280
102 286
102 292
102 294
102 297
102 300
103 172
103 185
103 223
103 269
103 271
103 272
103 275
103 279
103 280
103 281
103 289
103 292
103 297
103 298
104 107
104 108
104 114
104 154
104 172
104 180
104 184
104 185
104 186
104 221
104 223
104 270
104 271
104 272
104 279
104 280
104 289
104 291
104 292
104 294
104 298
104 300
105 115
105 172
105 223
105 268
105 269
105 270
105 273
105 276
105 278
105 282
105 283
105 285
105 286
105 287
105 288
105 290
105 292
105 296
105 299
105 300
106 115
106 154
106 172
106 185
106 206
106 223
106 242
106 260
106 270
106 271
106 272
106 275
106 279
106 288
106 289
106 292
106 298
107 115
107 146
107 148
107 154
107 158
107 169
107 171
107 172
107 185
107 192
107 199
107 202
107 221
107 223
107 225
107 226
107 229
107 232
107 242
107 244
107 260
107 262
107 271
107 272
107 275
107 279
107 284
107 289
107 291
107 292
107 297
107 298
108 152
108 154
108 158
108 172
108 176
108 184
108 185
108 186
108 187
108 192
108 199
108 203
108 206
108 213
108 220
108 221
108 223
108 226
108 229
108 234
108 237
108 260
108 265
108 270
108 271
108 272
108 275
108 279
108 283
108 292
108 294
108 298
109 172
109 185
109 223
109 269
109 271
109 272
109 275
109 278
109 279
109 280
109 286
109 289
109 292
109 297
110 172
110 180
110 185
110 223
110 271
110 272
110 275
110 279
110 281
110 286
110 289
110 292
110 297
110 298
111 114
111 120
111 152
111 158
111 164
111 172
111 180
111 185
111 199
111 221
111 223
111 224
111 271
111 272
111 275
111 279
111 289
111 291
111 292
111 297
111 298
112 153
112 157
112 172
112 185
112 190
112 208
112 220
112 223
112 234
112 243
112 252
112 265
112 271
112 272
112 275
112 279
112 280
112 289
112 292
112 297
113 172
113 180
113 185
113 223
113 271
113 272
113 275
113 279
113 280
113 292
114 115
114 157
114 169
114 172
114 184
114 185
114 193
114 213
114 223
114 229
114 237
114 254
114 271
114 272
114 275
114 277
114 279
114 284
114 285
114 287
114 288
114 292
114 294
114 297
114 298
114 299
114 300
115 120
115 124
115 128
115 140
115 152
115 164
115 171
115 172
115 180
115 185
115 186
115 213
115 221
115 223
115 224
115 270
115 271
115 272
115 279
115 280
115 281
115 286
115 289
115 291
115 292
115 298
116 172
116 180
116 185
116 271
116 272
116 279
116 280
116 289
116 292
116 294
116 298
116 300
117 154
117 157
117 172
117 176
117 185
117 186
117 206
117 218
117 223
117 229
117 232
117 235
117 237
117 241
117 252
117 260
117 271
117 272
117 275
117 279
117 292
117 295
117 297
117 298
118 154
118 157
118 172
118 176
118 184
118 185
118 187
118 206
118 213
118 218
118 220
118 223
118 234
118 242
118 243
118 252
118 260
118 265
118 270
118 271
118 272
118 279
118 280
118 281
118 282
118 288
118 289
118 292
118 293
118 298
118 300
119 172
119 180
119 185
119 223
119 224
119 271
119 272
119 279
119 280
119 286
119 292
119 294
119 297
119 300
120 143
120 154
120 158
120 175
120 176
120 185
120 186
120 187
120 192
120 211
120 223
120 270
120 271
120 275
120 279
120 284
120 289
120 292
120 295
120 298
121 172
121 185
121 223
121 260
121 271
121 272
121 280
121 286
121 292
121 294
121 297
121 298
121 300
122 172
122 180
122 185
122 223
122 271
122 272
122 275
122 279
122 280
122 292
122 294
122 300
123 171
123 172
123 185
123 213
123 223
123 271
123 272
123 275
123 279
123 280
123 292
123 298
124 172
124 185
124 206
124 223
124 260
124 271
124 272
124 275
124 279
124 284
124 289
124 292
124 297
124 298
125 148
125 154
125 155
125 169
125 185
125 187
125 192
125 199
125 208
125 214
125 219
125 222
125 223
125 229
125 232
125 242
125 243
125 244
125 260
125 261
125 262
125 271
125 272
125 275
125 279
125 289
125 291
125 292
125 297
125 298
126 172
126 180
126 185
126 223
126 270
126 271
126 272
126 279
126 280
126 289
126 294
126 298
126 300
127 154
127 157
127 171
127 172
127 176
127 185
127 186
127 202
127 206
127 213
127 223
127 229
127 242
127 260
127 271
127 275
127 279
127 283
127 284
127 290
127 292
127 295
127 298
128 172
128 185
128 199
128 206
128 223
128 242
128 260
128 271
128 272
128 275
128 279
128 284
128 289
128 292
128 297
128 298
129 172
129 180
129 184
129 185
129 201
129 203
129 206
129 208
129 213
129 220
129 223
129 230
129 234
129 237
129 252
129 260
129 265
129 271
129 272
129 275
129 279
129 280
129 292
129 297
130 172
130 180
130 185
130 223
130 271
130 272
130 275
130 279
130 289
130 292
130 297
130 298
131 172
131 180
131 185
131 223
131 270
131 271
131 272
131 275
131 279
131 289
131 292
131 297
131 298
132 172
132 180
132 185
132 223
132 224
132 270
132 271
132 272
132 275
132 279
132 280
132 289
132 292
132 298
133 154
133 172
133 176
133 185
133 186
133 223
133 229
133 260
133 271
133 275
133 279
133 283
133 284
133 290
133 292
133 297
133 298
134 172
134 180
134 185
134 223
134 271
134 272
134 275
134 279
134 280
134 289
134 292
134 298
135 172
135 180
135 185
135 223
135 271
135 272
135 279
135 280
135 286
135 292
135 297
135 300
136 172
136 180
136 185
136 223
136 224
136 270
136 271
136 272
136 275
136 279
136 280
136 286
136 292
136 297
136 300
137 172
137 185
137 223
137 271
137 272
137 275
137 279
137 280
137 292
138 172
138 184
138 185
138 213
138 223
138 229
138 234
138 267
138 268
138 269
138 276
138 278
138 280
138 281
138 282
138 283
138 286
138 287
138 288
138 293
138 294
138 296
138 299
139 172
139 185
139 213
139 220
139 223
139 234
139 265
139 270
139 271
139 272
139 281
139 289
139 292
139 294
139 297
139 298
140 172
140 185
140 223
140 271
140 272
140 275
140 279
140 284
140 289
140 292
140 298
141 154
141 172
141 180
141 185
141 223
141 272
141 279
141 286
141 292
141 294
141 297
141 300
142 172
142 185
142 223
142 271
142 272
142 275
142 279
142 280
142 292
143 172
143 180
143 223
143 224
143 268
143 270
143 271
143 278
143 279
143 280
143 281
143 283
143 286
143 287
143 289
143 292
143 293
143 294
143 300
144 153
144 172
144 180
144 185
144 203
144 223
144 229
144 264
144 269
145 172
145 180
145 185
145 203
145 223
145 224
145 229
145 241
145 264
145 281
145 285
146 172
146 180
146 185
146 203
146 223
146 224
146 229
146 264
146 269
146 283
147 172
147 180
147 185
147 193
147 203
147 222
147 223
147 224
147 229
147 241
147 244
147 264
148 172
148 180
148 185
148 203
148 223
148 224
148 229
148 264
148 269
149 172
149 180
149 185
149 203
149 223
149 224
149 229
149 264
149 269
150 153
150 172
150 180
150 185
150 193
150 201
150 203
150 204
150 207
150 223
150 229
150 254
150 264
150 269
151 172
151 180
151 185
151 193
151 203
151 223
151 224
151 229
151 264
152 180
152 185
152 203
152 223
152 224
152 229
152 258
152 264
152 267
152 268
152 281
152 283
152 289
152 293
153 155
153 160
153 172
153 179
153 180
153 183
153 184
153 185
153 186
153 194
153 197
153 203
153 213
153 216
153 219
153 223
153 224
153 229
153 230
153 238
153 244
153 249
153 258
153 264
153 267
153 269
153 272
153 283
153 285
153 287
153 288
153 294
154 160
154 172
154 180
154 185
154 213
154 214
154 219
154 223
154 224
154 229
154 252
154 263
154 264
154 269
154 270
154 277
154 278
154 280
154 283
154 285
154 291
154 297
154 298
155 172
155 180
155 187
155 223
155 229
155 241
155 264
156 180
156 185
156 203
156 219
156 223
156 224
156 229
156 241
156 264
156 269
156 270
157 172
157 180
157 185
157 187
157 203
157 223
157 224
157 229
157 264
157 272
157 273
157 275
157 276
157 278
157 281
157 282
157 283
157 284
157 285
157 287
157 288
157 291
157 293
157 299
157 300
158 170
158 172
158 180
158 185
158 203
158 206
158 223
158 224
158 229
158 238
158 264
158 269
158 289
158 294
159 172
159 180
159 185
159 203
159 223
159 224
159 229
159 264
159 268
159 288
159 294
160 172
160 180
160 185
160 203
160 218
160 223
160 224
160 229
160 264
160 267
160 272
160 281
161 172
161 180
161 185
161 203
161 223
161 224
161 229
161 264
161 277
161 281
162 172
162 180
162 185
162 203
162 223
162 224
162 229
162 264
162 269
162 283
162 285
162 287
163 172
163 180
163 185
163 203
163 223
163 224
163 229
163 264
163 269
163 270
163 291
164 172
164 180
164 185
164 193
164 203
164 223
164 224
164 229
164 264
164 269
165 172
165 180
165 185
165 188
165 193
165 203
165 223
165 224
165 229
165 264
165 272
165 282
166 172
166 180
166 185
166 203
166 223
166 224
166 229
166 264
166 269
166 287
167 170
167 180
167 185
167 223
167 224
167 229
167 241
167 249
167 264
167 269
168 172
168 180
168 185
168 203
168 223
168 224
168 229
168 264
168 269
169 172
169 180
169 185
169 203
169 223
169 224
169 229
169 241
169 264
169 269
170 172
170 180
170 185
170 193
170 203
170 223
170 224
170 233
170 264
170 267
170 277
170 281
170 282
170 300
171 172
171 180
171 185
171 203
171 223
171 224
171 229
171 264
171 269
171 284
171 293
172 173
172 174
172 175
172 176
172 177
172 178
172 179
172 181
172 182
172 183
172 184
172 185
172 186
172 187
172 188
172 189
172 190
172 191
172 192
172 193
172 194
172 195
172 196
172 197
172 198
172 199
172 200
172 201
172 202
172 203
172 204
172 205
172 206
172 207
172 208
172 209
172 210
172 211
172 212
172 213
172 214
172 215
172 216
172 217
172 218
172 219
172 220
172 221
172 222
172 225
172 226
172 227
172 228
172 229
172 230
172 231
172 232
172 234
172 235
172 236
172 237
172 238
172 239
172 240
172 241
172 242
172 243
172 244
172 245
172 246
172 247
172 248
172 249
172 250
172 251
172 252
172 253
172 254
172 255
172 256
172 257
172 258
172 259
172 260
172 261
172 262
172 264
172 265
172 266
172 267
172 269
172 271
172 275
172 279
172 284
172 289
172 291
172 292
172 297
172 298
173 180
173 185
173 203
173 223
173 224
173 229
173 238
173 244
173 264
173 269
174 180
174 185
174 203
174 223
174 224
174 229
174 264
174 268
174 283
174 287
174 294
175 180
175 185
175 203
175 223
175 224
175 229
175 264
175 283
175 287
175 293
175 294
176 180
176 185
176 203
176 219
176 223
176 224
176 229
176 244
176 264
176 270
176 289
177 180
177 185
177 203
177 223
177 229
177 244
177 258
177 264
177 278
177 283
177 290
178 180
178 185
178 203
178 223
178 224
178 229
178 264
178 269
179 180
179 185
179 203
179 207
179 223
179 224
179 229
179 241
179 264
179 268
179 283
179 293
180 181
180 182
180 183
180 184
180 186
180 187
180 188
180 189
180 190
180 191
180 192
180 193
180 194
180 195
180 196
180 197
180 198
180 199
180 200
180 202
180 203
180 204
180 205
180 206
180 207
180 208
180 209
180 210
180 211
180 212
180 213
180 214
180 215
180 216
180 217
180 218
180 219
180 220
180 221
180 222
180 225
180 226
180 227
180 228
180 229
180 230
180 231
180 232
180 233
180 234
180 235
180 236
180 237
180 238
180 239
180 240
180 241
180 242
180 243
180 244
180 245
180 246
180 247
180 248
180 249
180 250
180 251
180 252
180 253
180 254
180 255
180 256
180 257
180 258
180 259
180 260
180 261
180 262
180 263
180 264
180 265
180 266
180 267
180 269
180 270
180 271
180 272
180 275
180 279
180 284
180 289
180 292
180 298
181 185
181 203
181 223
181 224
181 229
181 264
181 272
182 185
182 193
182 203
182 223
182 224
182 229
182 264
182 269
183 185
183 203
183 223
183 224
183 229
183 264
183 269
184 185
184 193
184 203
184 223
184 224
184 229
184 264
184 268
184 272
184 275
184 279
184 281
184 282
184 284
184 286
184 288
184 289
184 292
184 293
184 297
184 298
184 299
184 300
185 186
185 187
185 188
185 189
185 190
185 191
185 192
185 193
185 194
185 195
185 196
185 197
185 198
185 199
185 200
185 201
185 202
185 203
185 204
185 205
185 207
185 208
185 209
185 210
185 211
185 212
185 213
185 214
185 215
185 216
185 217
185 218
185 219
185 220
185 221
185 222
185 224
185 225
185 226
185 227
185 228
185 229
185 230
185 231
185 232
185 233
185 234
185 235
185 236
185 237
185 238
185 239
185 240
185 242
185 243
185 244
185 245
185 246
185 247
185 248
185 250
185 251
185 252
185 253
185 254
185 255
185 256
185 257
185 258
185 259
185 260
185 261
185 262
185 263
185 264
185 265
185 266
185 267
185 268
185 271
185 278
185 279
185 281
185 282
185 283
185 284
185 285
185 287
185 289
185 292
185 293
185 294
185 298
185 300
186 201
186 203
186 207
186 223
186 224
186 229
186 254
186 264
186 270
186 280
186 281
186 283
186 289
186 291
187 188
187 191
187 193
187 203
187 213
187 223
187 224
187 229
187 232
187 244
187 264
187 270
187 272
187 283
187 289
187 291
187 294
187 297
188 203
188 211
188 223
188 224
188 226
188 229
188 258
188 264
188 267
188 278
188 283
188 285
188 287
189 203
189 223
189 224
189 229
189 264
189 269
189 283
189 285
190 203
190 223
190 224
190 229
190 264
190 269
190 283
190 284
190 287
191 203
191 211
191 223
191 224
191 229
191 255
191 258
191 264
191 283
192 203
192 223
192 224
192 229
192 264
192 267
192 270
192 272
193 198
193 208
193 215
193 223
193 224
193 229
193 230
193 231
193 241
193 249
193 258
193 260
193 264
193 268
193 272
193 275
193 278
193 281
193 285
193 291
193 293
194 203
194 206
194 223
194 224
194 229
194 241
194 264
194 269
194 281
195 203
195 223
195 224
195 229
195 264
196 203
196 223
196 224
196 229
196 264
196 269
197 201
197 203
197 223
197 224
197 229
197 264
197 277
197 281
197 285
197 287
197 293
198 203
198 223
198 229
198 264
199 203
199 223
199 229
199 241
199 264
199 267
199 270
199 281
199 283
199 289
199 291
199 294
199 297
200 203
200 223
200 224
200 229
200 241
200 264
200 269
201 203
201 223
201 224
201 229
201 255
201 264
201 267
201 270
201 272
201 273
201 275
201 277
201 282
201 283
201 285
201 286
201 287
201 294
201 297
201 300
202 203
202 206
202 223
202 224
202 229
202 241
202 249
202 264
202 270
202 283
202 297
202 298
203 204
203 205
203 206
203 207
203 208
203 209
203 210
203 211
203 212
203 213
203 214
203 215
203 216
203 217
203 218
203 219
203 220
203 221
203 222
203 223
203 224
203 225
203 226
203 227
203 229
203 230
203 231
203 232
203 234
203 235
203 236
203 237
203 240
203 241
203 242
203 243
203 244
203 245
203 246
203 247
203 248
203 249
203 250
203 251
203 252
203 253
203 255
203 256
203 257
203 258
203 259
203 260
203 261
203 262
203 263
203 264
203 265
203 266
203 272
203 274
203 279
203 281
203 284
203 289
203 291
203 296
203 297
203 299
204 223
204 224
204 229
204 255
204 258
204 264
204 267
204 278
204 283
204 287
205 207
205 223
205 224
205 229
205 241
205 264
205 270
206 207
206 213
206 223
206 224
206 229
206 231
206 241
206 246
206 264
206 267
207 211
207 223
207 224
207 229
207 264
207 268
207 269
207 287
207 293
208 223
208 229
208 241
208 244
208 264
208 269
209 223
209 224
209 229
209 264
210 223
210 224
210 229
210 241
210 264
211 222
211 223
211 224
211 229
211 264
211 269
211 294
212 223
212 224
212 229
212 254
212 264
212 269
212 294
213 215
213 218
213 223
213 224
213 228
213 229
213 233
213 238
213 264
213 267
213 268
213 269
213 270
213 271
213 272
213 275
213 276
213 277
213 279
213 281
213 282
213 283
213 284
213 286
213 287
213 289
213 290
213 292
213 293
213 294
213 295
213 296
213 297
213 298
214 223
214 224
214 229
214 264
214 267
214 283
214 293
214 294
215 223
215 224
215 229
215 244
215 264
215 272
215 282
216 223
216 224
216 229
216 254
216 264
216 268
216 269
216 281
216 283
216 285
216 287
216 293
217 223
217 224
217 229
217 264
217 289
218 219
218 223
218 224
218 229
218 237
218 238
218 249
218 264
219 223
219 224
219 229
219 244
219 264
219 269
220 223
220 224
220 229
220 264
220 268
220 270
220 281
220 283
220 284
220 293
220 294
221 223
221 224
221 229
221 254
221 264
221 269
221 293
222 223
222 224
222 229
222 230
222 241
222 255
222 258
222 264
223 225
223 226
223 227
223 228
223 229
223 230
223 231
223 232
223 233
223 234
223 235
223 236
223 237
223 238
223 239
223 240
223 241
223 242
223 243
223 244
223 245
223 246
223 247
223 248
223 249
223 250
223 251
223 252
223 253
223 254
223 255
223 256
223 257
223 258
223 259
223 260
223 261
223 262
223 263
223 264
223 265
223 266
223 271
223 272
223 275
223 279
223 283
223 284
223 289
223 291
223 292
223 293
223 294
223 297
223 298
224 225
224 226
224 227
224 229
224 230
224 231
224 232
224 233
224 234
224 235
224 236
224 237
224 239
224 240
224 241
224 242
224 243
224 244
224 245
224 246
224 248
224 249
224 250
224 251
224 252
224 253
224 254
224 255
224 256
224 257
224 258
224 259
224 260
224 261
224 262
224 263
224 264
224 265
224 266
224 268
224 270
224 271
224 275
224 276
224 278
224 280
224 281
224 282
224 283
224 285
224 287
224 288
224 291
224 292
224 293
224 294
224 297
224 298
224 299
224 300
225 229
225 238
225 241
225 264
225 269
225 270
225 289
225 291
225 297
225 298
226 229
226 244
226 264
226 269
226 270
226 291
226 297
227 229
227 264
227 269
227 294
228 229
228 241
228 264
228 269
228 287
229 230
229 231
229 232
229 233
229 234
229 235
229 236
229 237
229 238
229 239
229 240
229 242
229 243
229 245
229 246
229 247
229 248
229 249
229 250
229 251
229 252
229 253
229 254
229 255
229 256
229 257
229 258
229 259
229 260
229 261
229 262
229 263
229 265
229 266
229 267
229 270
229 289
230 244
230 254
230 264
230 281
230 287
230 294
231 264
231 272
231 300
232 255
232 264
232 268
232 275
232 281
232 283
232 284
232 287
232 288
232 291
232 293
232 294
233 237
233 241
233 249
233 264
233 269
233 270
234 264
234 267
234 281
234 283
234 284
234 285
234 293
234 294
235 264
235 269
236 264
236 281
237 264
237 267
237 268
237 281
237 283
237 284
237 285
237 287
237 291
237 293
237 294
238 241
238 242
238 258
238 264
238 267
238 287
239 241
239 264
239 269
240 264
240 270
240 281
240 283
240 287
241 252
241 254
241 255
241 258
241 260
241 261
241 264
241 267
241 269
241 273
241 274
241 277
241 278
241 281
241 285
241 294
242 254
242 264
242 268
242 272
242 279
242 281
242 282
242 283
242 288
242 293
242 299
242 300
243 264
243 272
243 283
243 284
243 285
243 287
243 288
243 293
243 294
244 254
244 264
244 281
244 284
244 285
244 287
245 264
245 294
246 254
246 264
246 269
247 255
247 264
247 281
247 283
247 285
247 293
248 254
248 264
248 269
248 294
249 264
249 267
249 287
250 264
250 269
251 264
251 270
251 297
251 298
252 264
252 267
252 268
252 281
252 283
252 284
252 287
252 293
253 264
253 269
254 264
254 270
254 271
254 276
254 281
254 282
254 287
254 296
254 297
254 299
255 263
255 264
255 265
255 270
256 264
256 269
257 264
257 269
258 263
258 264
259 264
259 269
260 264
260 269
261 264
261 270
262 264
262 269
263 264
263 267
263 269
263 281
263 283
263 285
263 287
264 265
264 266
264 267
264 268
264 269
264 281
264 287
264 293
264 294
265 267
265 268
265 270
265 277
265 278
265 281
265 282
265 283
265 284
265 285
265 287
265 288
265 291
265 293
265 294
266 272
267 268
267 278
267 281
267 283
267 286
267 293
267 300
268 269
268 270
268 271
268 272
268 273
268 274
268 275
268 276
268 277
268 278
268 279
268 280
268 281
268 282
268 283
268 284
268 285
268 286
268 287
268 288
268 289
268 290
268 291
268 292
268 293
268 294
268 296
268 297
268 298
268 300
269 270
269 271
269 272
269 273
269 274
269 275
269 276
269 277
269 278
269 279
269 280
269 281
269 282
269 283
269 285
269 286
269 287
269 288
269 289
269 290
269 291
269 292
269 293
269 294
269 296
269 297
269 298
269 299
269 300
270 271
270 272
270 273
270 275
270 276
270 279
270 281
270 286
270 289
270 291
270 292
270 297
270 298
270 299
271 273
271 274
271 276
271 277
271 278
271 280
271 281
271 282
271 283
271 285
271 286
271 287
271 288
271 290
271 293
271 294
271 295
271 296
271 299
271 300
272 273
272 274
272 276
272 277
272 278
272 280
272 281
272 282
272 283
272 284
272 285
272 286
272 287
272 288
272 290
272 293
272 294
272 295
272 296
272 299
272 300
273 274
273 275
273 276
273 277
273 278
273 279
273 280
273 281
273 282
273 283
273 285
273 286
273 287
273 288
273 289
273 290
273 291
273 292
273 293
273 294
273 295
273 296
273 297
273 298
273 299
273 300
274 275
274 276
274 279
274 281
274 284
274 286
274 289
274 290
274 291
274 292
274 297
274 298
274 299
275 276
275 277
275 278
275 280
275 281
275 282
275 283
275 285
275 286
275 287
275 288
275 290
275 293
275 294
275 296
275 299
275 300
276 277
276 278
276 279
276 280
276 281
276 282
276 283
276 284
276 285
276 286
276 287
276 288
276 289
276 290
276 291
276 292
276 293
276 294
276 295
276 296
276 297
276 298
276 299
276 300
277 279
277 281
277 286
277 289
277 290
277 291
277 292
277 297
277 298
277 299
278 279
278 281
278 286
278 289
278 290
278 291
278 292
278 295
278 297
278 298
278 299
279 280
279 281
279 282
279 283
279 285
279 286
279 287
279 288
279 290
279 293
279 294
279 296
279 299
279 300
280 281
280 286
280 289
280 290
280 291
280 292
280 295
280 297
280 298
280 299
281 282
281 283
281 284
281 285
281 286
281 287
281 288
281 289
281 290
281 291
281 292
281 293
281 294
281 296
281 297
281 298
281 299
281 300
282 286
282 289
282 290
282 291
282 292
282 295
282 297
282 298
282 299
283 286
283 289
283 290
283 291
283 292
283 295
283 297
283 298
283 299
284 286
284 287
284 288
284 289
284 290
284 293
284 294
284 295
284 296
284 297
284 299
284 300
285 286
285 289
285 290
285 291
285 292
285 297
285 298
285 299
286 287
286 288
286 289
286 290
286 291
286 292
286 293
286 294
286 296
286 297
286 298
286 299
286 300
287 289
287 290
287 291
287 292
287 297
287 298
287 299
288 289
288 290
288 291
288 292
288 295
288 297
288 298
288 299
289 290
289 293
289 294
289 295
289 296
289 299
289 300
290 291
290 292
290 293
290 294
290 295
290 296
290 297
290 298
290 299
290 300
291 293
291 294
291 296
291 299
291 300
292 293
292 294
292 296
292 299
292 300
293 295
293 297
293 298
293 299
294 295
294 297
294 298
294 299
295 296
295 297
296 297
296 298
296 299
297 299
297 300
298 299
298 300
299 300
