heur049_n_300_m_17695
1 2
1 4
1 5
1 6
1 8
1 10
1 11
1 12
1 14
1 15
1 16
1 17
1 18
1 19
1 20
1 21
1 22
1 23
1 24
1 25
1 26
1 27
1 34
1 40
1 47
1 56
1 74
1 86
1 87
1 88
1 94
1 99
1 102
1 106
1 110
1 115
1 122
1 124
1 132
1 135
1 168
1 170
1 182
1 186
1 189
1 194
1 198
1 201
1 204
1 210
1 213
1 223
1 232
1 233
1 234
1 238
1 241
1 242
1 244
1 248
1 250
1 261
1 267
1 269
1 274
1 276
1 277
1 290
1 291
1 293
1 294
1 295
1 297
1 298
1 300
2 3
2 4
2 5
2 6
2 7
2 8
2 9
2 10
2 11
2 12
2 14
2 15
2 16
2 17
2 18
2 19
2 20
2 21
2 22
2 23
2 24
2 25
2 26
2 27
2 47
2 54
2 59
2 62
2 65
2 74
2 76
2 84
2 87
2 91
2 93
2 102
2 108
2 114
2 119
2 128
2 129
2 131
2 133
2 135
2 137
2 138
2 140
2 141
2 146
2 148
2 153
2 157
2 158
2 161
2 166
2 168
2 169
2 170
2 172
2 174
2 175
2 181
2 185
2 186
2 189
2 190
2 193
2 194
2 197
2 198
2 204
2 205
2 206
2 209
2 210
2 213
2 214
2 215
2 223
2 225
2 227
2 228
2 233
2 236
2 238
2 244
2 251
2 261
2 267
2 268
2 269
2 272
2 276
2 278
2 283
2 292
2 293
2 294
2 295
2 296
2 299
2 300
3 4
3 5
3 6
3 7
3 8
3 10
3 11
3 12
3 14
3 15
3 17
3 18
3 19
3 20
3 21
3 22
3 23
3 24
3 25
3 26
3 27
3 33
3 35
3 45
3 47
3 59
3 61
3 68
3 72
3 74
3 76
3 79
3 80
3 81
3 82
3 86
3 87
3 95
3 97
3 99
3 101
3 102
3 106
3 108
3 110
3 119
3 120
3 135
3 149
3 157
3 161
3 186
3 189
3 194
3 201
3 204
3 208
3 211
3 213
3 223
3 227
3 244
3 245
3 250
3 267
3 274
3 277
3 284
3 294
3 295
3 298
3 300
4 5
4 6
4 7
4 8
4 9
4 10
4 11
4 12
4 13
4 14
4 15
4 16
4 17
4 18
4 19
4 20
4 22
4 24
4 26
4 27
4 76
4 78
4 85
4 89
4 90
4 91
4 101
4 102
4 105
4 106
4 111
4 112
4 114
4 121
4 127
4 130
4 131
4 132
4 134
4 145
4 147
4 153
4 160
4 161
4 169
4 175
4 177
4 180
4 184
4 188
4 193
4 195
4 198
4 214
4 221
4 231
4 246
4 249
4 250
4 256
4 260
4 273
4 283
4 286
4 288
4 290
4 291
4 292
4 293
4 294
4 296
5 6
5 7
5 8
5 9
5 10
5 11
5 12
5 13
5 15
5 16
5 17
5 18
5 19
5 20
5 21
5 23
5 24
5 25
5 26
5 27
5 34
5 48
5 54
5 59
5 61
5 65
5 67
5 74
5 78
5 85
5 89
5 121
5 122
5 123
5 126
5 130
5 134
5 147
5 153
5 170
5 175
5 180
5 184
5 185
5 186
5 188
5 193
5 198
5 209
5 214
5 221
5 227
5 231
5 249
5 250
5 256
5 260
5 269
5 273
5 283
5 290
5 292
5 293
5 294
5 295
6 7
6 8
6 9
6 10
6 11
6 12
6 13
6 14
6 16
6 17
6 18
6 19
6 20
6 21
6 22
6 23
6 24
6 25
6 26
6 27
6 65
6 74
6 87
6 95
6 99
6 100
6 101
6 102
6 111
6 115
6 120
6 148
6 182
6 186
6 189
6 194
6 201
6 204
6 208
6 210
6 213
6 223
6 244
6 250
6 267
6 277
6 284
6 285
6 286
6 292
6 293
6 295
6 296
7 9
7 10
7 14
7 15
7 16
7 17
7 18
7 19
7 20
7 21
7 22
7 23
7 24
7 25
7 26
7 30
7 34
7 35
7 40
7 44
7 49
7 51
7 53
7 54
7 56
7 57
7 59
7 61
7 62
7 68
7 74
7 78
7 80
7 82
7 84
7 86
7 91
7 93
7 95
7 97
7 99
7 100
7 102
7 103
7 104
7 105
7 106
7 108
7 114
7 115
7 119
7 120
7 122
7 145
7 151
7 157
7 161
7 165
7 167
7 169
7 171
7 174
7 175
7 178
7 179
7 184
7 187
7 190
7 193
7 194
7 211
7 217
7 218
7 219
7 220
7 222
7 224
7 226
7 231
7 240
7 241
7 249
7 252
7 257
7 259
7 263
7 265
7 266
7 270
7 271
7 273
7 275
7 281
7 282
7 287
7 288
7 289
7 291
7 293
8 9
8 10
8 14
8 15
8 16
8 17
8 18
8 19
8 20
8 21
8 22
8 23
8 24
8 25
8 26
8 44
8 49
8 56
8 65
8 74
8 77
8 78
8 79
8 80
8 82
8 84
8 86
8 88
8 91
8 93
8 94
8 95
8 97
8 99
8 100
8 101
8 102
8 104
8 106
8 107
8 108
8 109
8 113
8 114
8 115
8 116
8 118
8 119
8 120
8 145
8 151
8 157
8 161
8 163
8 165
8 167
8 171
8 176
8 177
8 178
8 179
8 187
8 193
8 194
8 195
8 202
8 206
8 207
8 217
8 218
8 219
8 222
8 225
8 226
8 227
8 229
8 230
8 232
8 236
8 239
8 240
8 241
8 242
8 246
8 247
8 249
8 250
8 252
8 257
8 259
8 264
8 266
8 269
8 270
8 272
8 273
8 274
8 275
8 278
8 281
8 284
8 288
8 289
8 292
8 294
8 296
9 10
9 11
9 12
9 13
9 14
9 15
9 17
9 18
9 19
9 20
9 21
9 22
9 23
9 24
9 25
9 26
9 27
9 59
9 61
9 72
9 76
9 87
9 99
9 104
9 115
9 122
9 124
9 135
9 149
9 168
9 170
9 173
9 176
9 182
9 185
9 186
9 188
9 189
9 191
9 192
9 193
9 194
9 196
9 198
9 200
9 201
9 203
9 204
9 208
9 209
9 210
9 211
9 213
9 214
9 215
9 216
9 222
9 223
9 227
9 228
9 232
9 233
9 238
9 241
9 243
9 244
9 245
9 247
9 248
9 249
9 250
9 253
9 254
9 255
9 259
9 261
9 267
9 268
9 269
9 274
9 276
9 277
9 280
9 284
9 285
9 286
9 290
10 11
10 12
10 13
10 14
10 15
10 16
10 17
10 19
10 20
10 21
10 22
10 23
10 24
10 25
10 26
10 27
10 54
10 56
10 65
10 72
10 74
10 84
10 87
10 91
10 100
10 102
10 113
10 119
10 131
10 170
10 181
10 182
10 185
10 186
10 189
10 194
10 196
10 201
10 204
10 208
10 210
10 211
10 213
10 223
10 225
10 227
10 232
10 233
10 238
10 241
10 244
10 245
10 248
10 250
10 253
10 261
10 267
10 268
10 269
10 272
10 274
10 276
10 277
10 284
10 285
10 286
10 290
10 291
10 292
10 293
10 294
10 296
11 14
11 15
11 16
11 17
11 18
11 19
11 20
11 21
11 22
11 23
11 24
11 25
11 26
11 54
11 59
11 61
11 62
11 68
11 74
11 78
11 81
11 83
11 84
11 86
11 91
11 98
11 99
11 102
11 110
11 113
11 115
11 117
11 118
11 119
11 145
11 151
11 157
11 161
11 171
11 179
11 184
11 190
11 194
11 202
11 211
11 217
11 220
11 222
11 234
11 241
11 273
11 275
11 282
11 287
11 289
11 291
12 14
12 15
12 16
12 17
12 18
12 19
12 20
12 21
12 22
12 23
12 24
12 25
12 26
12 28
12 34
12 35
12 53
12 54
12 57
12 58
12 59
12 61
12 63
12 68
12 72
12 74
12 81
12 82
12 99
12 110
12 115
12 117
12 119
12 121
12 128
12 129
12 131
12 133
12 135
12 137
12 145
12 146
12 147
12 148
12 151
12 153
12 154
12 157
12 164
12 167
12 169
12 171
12 174
12 176
12 177
12 178
12 179
12 181
12 183
12 184
12 187
12 190
12 191
12 194
12 195
12 197
12 198
12 199
12 205
12 206
12 207
12 211
12 212
12 217
12 218
12 224
12 225
12 226
12 228
12 229
12 230
12 231
12 234
12 235
12 236
12 237
12 239
12 240
12 241
12 246
12 247
12 249
12 251
12 254
12 256
12 257
12 258
12 262
12 263
12 264
12 265
12 266
12 270
12 271
12 273
12 275
12 278
12 279
12 280
12 281
12 285
12 287
12 288
12 291
13 14
13 16
13 17
13 20
13 21
13 22
13 23
13 24
13 26
13 27
13 48
13 78
13 81
13 83
13 84
13 85
13 86
13 88
13 89
13 90
13 93
13 94
13 98
13 100
13 101
13 102
13 105
13 106
13 107
13 111
13 112
13 115
13 117
13 119
13 121
13 147
13 151
13 157
13 161
13 163
13 164
13 165
13 167
13 169
13 174
13 180
13 183
13 187
13 197
13 202
13 205
13 209
13 211
13 217
13 220
13 222
13 225
13 230
13 232
13 233
13 234
13 238
13 239
13 240
13 241
13 252
13 260
13 264
13 267
13 269
13 275
13 278
13 284
13 285
13 287
13 289
13 291
13 298
14 15
14 16
14 17
14 18
14 19
14 20
14 21
14 23
14 24
14 25
14 26
14 27
14 56
14 66
14 68
14 74
14 78
14 146
14 153
14 198
14 200
14 211
14 234
14 238
14 253
14 267
14 285
14 295
15 16
15 17
15 18
15 19
15 20
15 21
15 22
15 23
15 24
15 25
15 26
15 27
15 33
15 34
15 37
15 39
15 47
15 48
15 52
15 54
15 56
15 59
15 61
15 62
15 63
15 65
15 67
15 68
15 70
15 72
15 74
15 75
15 76
15 84
15 87
15 93
15 113
15 119
15 122
15 130
15 131
15 132
15 150
15 156
15 159
15 160
15 164
15 170
15 172
15 178
15 181
15 183
15 185
15 186
15 189
15 190
15 196
15 197
15 198
15 199
15 202
15 205
15 206
15 208
15 209
15 214
15 215
15 216
15 224
15 225
15 227
15 228
15 236
15 237
15 238
15 244
15 245
15 249
15 251
15 253
15 256
15 257
15 262
15 267
15 269
15 281
15 283
15 285
15 291
15 292
15 293
15 295
15 296
15 297
15 299
16 17
16 18
16 19
16 20
16 21
16 22
16 23
16 24
16 25
16 26
16 27
16 41
16 54
16 75
16 76
16 78
16 84
16 87
16 89
16 95
16 99
16 105
16 114
16 115
16 116
16 119
16 132
16 135
16 149
16 153
16 160
16 166
16 168
16 169
16 170
16 171
16 172
16 173
16 174
16 175
16 176
16 178
16 181
16 182
16 183
16 185
16 186
16 188
16 189
16 190
16 191
16 192
16 193
16 196
16 197
16 198
16 199
16 200
16 201
16 202
16 203
16 204
16 205
16 206
16 208
16 209
16 210
16 211
16 212
16 213
16 214
16 215
16 216
16 217
16 221
16 222
16 223
16 224
16 225
16 226
16 227
16 228
16 231
16 234
16 235
16 237
16 238
16 239
16 241
16 243
16 244
16 245
16 247
16 248
16 249
16 251
16 253
16 254
16 255
16 256
16 257
16 258
16 259
16 261
16 262
16 263
16 265
16 266
16 268
16 270
16 272
16 274
16 276
16 277
16 279
16 280
16 281
16 283
16 285
16 286
16 287
16 288
16 289
16 290
16 291
16 294
16 295
16 297
17 18
17 19
17 20
17 21
17 23
17 24
17 25
17 26
17 27
17 28
17 30
17 40
17 41
17 43
17 46
17 47
17 48
17 49
17 50
17 51
17 53
17 56
17 61
17 62
17 69
17 70
17 73
17 75
17 76
17 82
17 92
17 99
17 102
17 103
17 116
17 119
17 121
17 122
17 123
17 125
17 126
17 129
17 130
17 134
17 136
17 137
17 138
17 139
17 140
17 143
17 144
17 147
17 150
17 153
17 158
17 161
17 165
17 166
17 169
17 173
17 185
17 186
17 189
17 190
17 196
17 200
17 211
17 214
17 216
17 223
17 225
17 228
17 235
17 244
17 248
17 255
17 263
17 267
17 269
17 272
17 283
17 292
17 294
17 295
17 296
17 297
17 298
17 299
18 19
18 20
18 21
18 22
18 23
18 24
18 25
18 26
18 27
18 34
18 37
18 47
18 49
18 54
18 56
18 57
18 59
18 61
18 62
18 63
18 65
18 67
18 68
18 72
18 74
18 75
18 76
18 84
18 85
18 87
18 115
18 119
18 122
18 123
18 124
18 128
18 129
18 130
18 131
18 132
18 133
18 135
18 137
18 138
18 141
18 143
18 146
18 147
18 148
18 153
18 159
18 160
18 161
18 169
18 170
18 172
18 174
18 175
18 182
18 185
18 186
18 189
18 190
18 191
18 193
18 196
18 197
18 198
18 199
18 202
18 205
18 206
18 209
18 210
18 214
18 215
18 216
18 223
18 225
18 227
18 228
18 233
18 234
18 236
18 238
18 242
18 244
18 245
18 248
18 249
18 251
18 253
18 256
18 260
18 268
18 269
18 272
18 275
18 276
18 277
18 280
18 283
18 285
18 291
18 293
18 294
18 295
18 296
18 297
18 299
19 21
19 22
19 23
19 24
19 25
19 26
19 27
19 65
19 87
19 94
19 99
19 100
19 102
19 107
19 115
19 186
19 189
19 194
19 201
19 208
19 210
19 223
19 244
19 267
19 277
19 285
19 286
19 291
19 292
19 293
19 294
19 295
19 296
20 21
20 22
20 23
20 24
20 25
20 26
20 27
20 29
20 34
20 36
20 40
20 41
20 43
20 44
20 47
20 54
20 56
20 57
20 58
20 59
20 61
20 62
20 63
20 66
20 68
20 72
20 74
20 76
20 78
20 87
20 93
20 104
20 119
20 122
20 131
20 166
20 173
20 178
20 186
20 189
20 192
20 196
20 198
20 200
20 211
20 214
20 216
20 221
20 222
20 223
20 231
20 238
20 244
20 245
20 248
20 253
20 255
20 258
20 259
20 260
20 262
20 277
20 283
20 285
20 291
20 293
20 294
20 296
21 22
21 23
21 25
21 26
21 27
21 45
21 56
21 84
21 87
21 99
21 100
21 115
21 151
21 157
21 166
21 181
21 186
21 189
21 193
21 194
21 196
21 198
21 200
21 201
21 203
21 204
21 208
21 213
21 216
21 219
21 222
21 223
21 228
21 238
21 243
21 244
21 245
21 247
21 248
21 250
21 253
21 254
21 267
21 268
21 269
21 272
21 274
21 277
21 278
21 284
21 285
21 286
21 291
21 294
21 296
22 23
22 24
22 25
22 26
22 27
22 78
22 85
22 87
22 89
22 90
22 101
22 105
22 106
22 107
22 111
22 112
22 115
22 121
22 134
22 146
22 147
22 175
22 177
22 179
22 186
22 188
22 189
22 193
22 194
22 195
22 204
22 210
22 213
22 221
22 223
22 231
22 244
22 246
22 247
22 249
22 250
22 256
22 260
22 261
22 267
22 273
22 285
22 286
22 288
22 290
22 293
23 24
23 25
23 26
23 27
23 35
23 53
23 54
23 56
23 59
23 61
23 72
23 74
23 78
23 87
23 153
23 166
23 170
23 173
23 182
23 185
23 186
23 188
23 189
23 192
23 194
23 196
23 198
23 200
23 201
23 203
23 204
23 210
23 211
23 213
23 214
23 216
23 219
23 221
23 223
23 230
23 233
23 234
23 238
23 241
23 244
23 245
23 248
23 253
23 255
23 261
23 269
23 272
23 274
23 276
23 277
23 283
23 285
23 290
24 25
24 26
24 27
24 48
24 67
24 74
24 76
24 78
24 85
24 87
24 89
24 90
24 99
24 100
24 101
24 105
24 106
24 107
24 111
24 112
24 115
24 121
24 124
24 147
24 148
24 153
24 166
24 170
24 173
24 175
24 177
24 179
24 180
24 182
24 184
24 185
24 186
24 188
24 189
24 192
24 193
24 195
24 196
24 200
24 201
24 207
24 210
24 214
24 216
24 221
24 223
24 229
24 231
24 233
24 238
24 244
24 245
24 246
24 247
24 248
24 249
24 250
24 253
24 256
24 260
24 261
24 267
24 269
24 273
24 274
24 276
24 277
24 283
24 286
24 288
24 290
24 291
24 293
24 298
25 26
25 27
25 28
25 34
25 37
25 45
25 49
25 58
25 59
25 61
25 65
25 68
25 69
25 70
25 74
25 81
25 87
25 95
25 100
25 101
25 102
25 115
25 117
25 121
25 131
25 140
25 155
25 161
25 170
25 182
25 185
25 186
25 189
25 192
25 194
25 196
25 198
25 200
25 204
25 210
25 211
25 213
25 223
25 233
25 238
25 241
25 244
25 245
25 250
25 253
25 261
25 267
25 269
25 272
25 274
25 276
25 277
25 278
25 282
25 284
25 285
25 286
25 291
25 292
25 293
25 294
25 295
25 296
25 297
26 27
26 53
26 62
26 76
26 79
26 82
26 87
26 95
26 98
26 99
26 100
26 102
26 106
26 107
26 108
26 110
26 111
26 114
26 117
26 119
26 120
26 121
26 132
26 147
26 170
26 172
26 173
26 175
26 177
26 179
26 180
26 182
26 184
26 185
26 186
26 188
26 189
26 191
26 192
26 193
26 194
26 195
26 198
26 200
26 201
26 203
26 204
26 207
26 209
26 216
26 221
26 223
26 229
26 231
26 241
26 244
26 246
26 247
26 248
26 249
26 250
26 254
26 256
26 260
26 261
26 273
26 276
26 285
26 286
26 288
26 290
26 293
26 298
27 34
27 40
27 74
27 76
27 80
27 81
27 88
27 95
27 99
27 100
27 102
27 110
27 115
27 124
27 145
27 151
27 157
27 163
27 164
27 165
27 166
27 167
27 169
27 171
27 172
27 173
27 174
27 175
27 176
27 177
27 179
27 181
27 183
27 184
27 187
27 188
27 191
27 192
27 193
27 194
27 195
27 197
27 198
27 199
27 203
27 205
27 206
27 207
27 209
27 212
27 214
27 215
27 216
27 217
27 218
27 219
27 220
27 221
27 224
27 225
27 226
27 227
27 228
27 229
27 230
27 231
27 234
27 235
27 236
27 237
27 239
27 240
27 241
27 242
27 243
27 247
27 249
27 251
27 252
27 254
27 255
27 256
27 257
27 258
27 259
27 262
27 263
27 264
27 265
27 266
27 268
27 270
27 271
27 272
27 273
27 275
27 278
27 279
27 281
27 283
27 284
27 286
27 287
27 288
27 292
27 293
27 294
27 295
27 296
27 298
28 29
28 30
28 31
28 32
28 33
28 34
28 35
28 36
28 37
28 38
28 39
28 40
28 41
28 42
28 43
28 44
28 45
28 46
28 47
28 48
28 50
28 51
28 52
28 53
28 54
28 55
28 56
28 57
28 58
28 59
28 60
28 61
28 62
28 63
28 65
28 66
28 67
28 68
28 69
28 71
28 72
28 74
28 75
28 103
28 116
28 122
28 124
28 128
28 129
28 131
28 132
28 134
28 135
28 136
28 137
28 138
28 139
28 140
28 141
28 142
28 143
28 144
28 145
28 146
28 147
28 150
28 151
28 155
28 156
28 157
28 158
28 162
28 186
28 189
28 244
28 269
28 289
28 295
28 297
28 299
28 300
29 30
29 40
29 41
29 47
29 49
29 53
29 56
29 61
29 62
29 64
29 69
29 70
29 73
29 114
29 119
29 121
29 122
29 123
29 126
29 128
29 130
29 131
29 134
29 135
29 140
29 145
29 146
29 148
29 151
29 152
29 156
29 157
29 160
29 186
29 269
30 31
30 32
30 33
30 34
30 35
30 36
30 37
30 38
30 39
30 40
30 41
30 42
30 43
30 44
30 45
30 46
30 47
30 48
30 49
30 50
30 51
30 52
30 53
30 54
30 55
30 56
30 57
30 58
30 59
30 60
30 62
30 63
30 64
30 65
30 66
30 67
30 68
30 69
30 70
30 71
30 72
30 73
30 74
30 75
30 76
30 77
30 80
30 81
30 82
30 83
30 89
30 94
30 99
30 102
30 103
30 104
30 113
30 114
30 115
30 116
30 122
30 123
30 124
30 126
30 128
30 129
30 134
30 135
30 136
30 137
30 138
30 140
30 141
30 142
30 143
30 144
30 145
30 148
30 150
30 151
30 152
30 155
30 157
30 158
30 160
30 162
31 40
31 41
31 47
31 49
31 53
31 56
31 61
31 62
31 64
31 69
31 70
31 73
31 82
31 119
31 121
31 123
31 125
31 126
31 128
31 129
31 131
31 134
31 135
31 136
31 140
31 141
31 143
31 147
31 151
31 155
31 156
31 296
32 40
32 41
32 47
32 49
32 53
32 56
32 61
32 62
32 64
32 69
32 70
32 73
32 82
32 91
32 95
32 103
32 117
32 119
32 121
32 123
32 126
32 128
32 131
32 132
32 134
32 135
32 140
32 147
32 148
32 149
32 151
32 152
32 157
32 160
32 161
32 162
33 40
33 41
33 47
33 49
33 53
33 56
33 61
33 62
33 64
33 69
33 70
33 73
33 83
33 114
33 117
33 123
33 126
33 128
33 130
33 131
33 134
33 135
33 140
33 145
33 146
33 148
33 149
33 151
33 156
33 157
33 159
33 160
33 186
33 208
33 209
33 211
33 217
33 222
33 240
33 269
33 299
34 40
34 41
34 49
34 56
34 61
34 62
34 69
34 70
34 73
34 80
34 81
34 83
34 87
34 95
34 100
34 102
34 103
34 104
34 106
34 114
34 115
34 117
34 120
34 121
34 122
34 123
34 126
34 128
34 132
34 134
34 135
34 140
34 145
34 146
34 148
34 149
34 151
34 152
34 154
34 156
34 157
34 160
34 186
34 189
34 194
34 204
34 213
34 223
34 244
34 250
34 267
34 269
35 40
35 41
35 47
35 49
35 50
35 53
35 61
35 62
35 69
35 70
35 73
35 75
35 79
35 82
35 90
35 109
35 114
35 119
35 121
35 123
35 125
35 126
35 128
35 131
35 132
35 134
35 135
35 140
35 145
35 146
35 148
35 149
35 151
35 152
35 156
35 157
35 159
35 160
35 161
35 186
35 196
35 203
35 216
35 235
35 272
35 295
35 296
36 40
36 41
36 47
36 49
36 53
36 56
36 61
36 62
36 64
36 69
36 70
36 73
36 82
36 85
36 89
36 119
36 121
36 122
36 123
36 125
36 126
36 128
36 134
36 135
36 139
36 140
36 145
36 146
36 148
36 151
36 156
36 157
36 160
37 40
37 41
37 47
37 49
37 53
37 56
37 61
37 62
37 64
37 69
37 70
37 73
37 76
37 84
37 85
37 90
37 93
37 105
37 108
37 109
37 111
37 112
37 114
37 117
37 119
37 121
37 122
37 123
37 126
37 128
37 130
37 131
37 132
37 134
37 135
37 140
37 146
37 148
37 149
37 151
37 154
37 156
37 157
37 159
37 160
37 211
37 222
38 40
38 41
38 47
38 49
38 53
38 56
38 61
38 62
38 64
38 69
38 70
38 73
38 84
38 93
38 103
38 105
38 108
38 117
38 119
38 121
38 122
38 123
38 126
38 128
38 130
38 132
38 135
38 140
38 145
38 146
38 148
38 151
38 156
38 157
38 159
38 160
38 209
38 211
38 217
38 222
38 240
39 40
39 41
39 47
39 49
39 53
39 56
39 61
39 62
39 64
39 69
39 70
39 73
39 82
39 102
39 103
39 116
39 120
39 121
39 122
39 124
39 125
39 129
39 130
39 136
39 137
39 139
39 141
39 142
39 144
39 147
39 150
39 155
39 156
39 158
39 162
39 269
39 295
40 41
40 42
40 43
40 44
40 45
40 46
40 47
40 48
40 49
40 50
40 51
40 52
40 53
40 54
40 55
40 56
40 57
40 58
40 59
40 60
40 61
40 62
40 63
40 64
40 65
40 66
40 67
40 68
40 70
40 71
40 72
40 73
40 74
40 75
40 80
40 81
40 82
40 94
40 102
40 103
40 114
40 116
40 122
40 123
40 124
40 125
40 126
40 128
40 129
40 131
40 132
40 134
40 135
40 137
40 138
40 140
40 141
40 142
40 143
40 144
40 146
40 147
40 148
40 150
40 151
40 152
40 155
40 157
40 158
40 160
40 196
40 211
40 214
40 217
40 238
40 278
40 283
40 294
40 298
41 42
41 43
41 44
41 45
41 46
41 48
41 49
41 50
41 51
41 52
41 53
41 54
41 55
41 56
41 57
41 58
41 59
41 60
41 61
41 62
41 63
41 64
41 65
41 66
41 67
41 68
41 69
41 70
41 71
41 72
41 73
41 74
41 75
41 85
41 89
41 100
41 116
41 123
41 124
41 126
41 127
41 129
41 132
41 139
41 140
41 141
41 142
41 143
41 144
41 150
41 151
41 152
41 155
41 156
41 158
41 159
41 160
41 162
41 211
41 272
41 292
41 293
41 296
42 47
42 49
42 53
42 56
42 61
42 62
42 64
42 69
42 70
42 73
42 82
42 119
42 123
42 125
42 129
42 131
42 132
42 134
42 135
42 139
42 140
42 144
42 146
42 147
42 148
42 151
42 152
42 155
42 156
42 157
42 158
42 160
42 162
42 272
43 47
43 49
43 53
43 56
43 61
43 62
43 64
43 69
43 70
43 73
43 81
43 82
43 83
43 114
43 117
43 119
43 123
43 126
43 128
43 131
43 132
43 134
43 135
43 140
43 145
43 146
43 148
43 149
43 151
43 156
43 157
43 160
43 211
43 272
43 299
44 47
44 49
44 53
44 56
44 61
44 62
44 64
44 69
44 70
44 73
44 80
44 81
44 83
44 102
44 103
44 106
44 113
44 114
44 115
44 119
44 121
44 122
44 123
44 125
44 126
44 129
44 132
44 134
44 135
44 136
44 140
44 146
44 148
44 150
44 151
44 152
44 156
44 159
44 160
44 211
44 216
44 217
44 248
45 47
45 49
45 53
45 56
45 61
45 62
45 64
45 69
45 70
45 73
45 76
45 81
45 94
45 95
45 99
45 102
45 103
45 114
45 115
45 117
45 119
45 120
45 121
45 122
45 123
45 125
45 126
45 128
45 131
45 134
45 135
45 140
45 145
45 146
45 148
45 151
45 152
45 156
45 157
45 160
45 211
45 291
46 47
46 49
46 53
46 56
46 61
46 62
46 64
46 69
46 70
46 73
46 82
46 119
46 121
46 123
46 125
46 126
46 127
46 128
46 131
46 132
46 134
46 135
46 140
46 145
46 148
46 151
46 152
46 154
46 156
46 159
46 293
47 48
47 49
47 50
47 51
47 52
47 53
47 54
47 55
47 56
47 57
47 58
47 59
47 60
47 61
47 62
47 63
47 64
47 65
47 66
47 67
47 68
47 69
47 70
47 71
47 72
47 73
47 74
47 75
47 103
47 130
47 131
47 134
47 135
47 149
47 156
47 181
47 186
47 214
47 225
47 235
47 269
47 272
47 283
47 297
47 299
47 300
48 49
48 54
48 62
48 64
48 69
48 70
48 73
48 78
48 79
48 82
48 83
48 89
48 90
48 101
48 103
48 107
48 112
48 114
48 116
48 119
48 121
48 122
48 123
48 126
48 127
48 128
48 130
48 131
48 132
48 133
48 134
48 135
48 146
48 149
48 151
48 152
48 156
48 159
48 160
48 175
48 180
48 229
48 247
48 249
48 256
48 260
48 273
48 283
49 50
49 51
49 52
49 53
49 54
49 55
49 56
49 57
49 58
49 59
49 60
49 61
49 62
49 63
49 65
49 66
49 67
49 68
49 69
49 71
49 72
49 74
49 75
49 80
49 81
49 82
49 87
49 95
49 99
49 103
49 110
49 114
49 122
49 124
49 125
49 127
49 128
49 129
49 134
49 135
49 136
49 137
49 138
49 140
49 141
49 142
49 143
49 144
49 146
49 147
49 150
49 151
49 155
49 156
49 157
49 162
49 269
49 289
49 295
50 53
50 56
50 61
50 62
50 64
50 69
50 70
50 73
50 111
50 112
50 117
50 119
50 123
50 126
50 127
50 128
50 131
50 132
50 134
50 135
50 140
50 145
50 146
50 148
50 149
50 151
50 152
50 156
50 157
50 159
50 160
50 211
50 217
50 222
50 240
51 53
51 56
51 61
51 62
51 64
51 69
51 70
51 73
51 80
51 81
51 83
51 91
51 103
51 113
51 114
51 115
51 119
51 122
51 123
51 124
51 125
51 126
51 128
51 131
51 132
51 134
51 135
51 139
51 140
51 147
51 148
51 151
51 152
51 155
51 157
51 160
51 189
52 53
52 56
52 61
52 62
52 64
52 69
52 70
52 73
52 103
52 116
52 121
52 122
52 123
52 124
52 125
52 129
52 130
52 131
52 136
52 137
52 138
52 139
52 142
52 143
52 144
52 147
52 155
52 161
52 269
52 299
53 54
53 55
53 56
53 57
53 58
53 59
53 60
53 61
53 63
53 64
53 65
53 66
53 67
53 68
53 69
53 70
53 71
53 72
53 73
53 74
53 75
53 77
53 78
53 80
53 84
53 85
53 88
53 89
53 90
53 91
53 92
53 93
53 94
53 97
53 101
53 103
53 104
53 112
53 113
53 115
53 118
53 132
53 133
53 194
53 235
53 272
53 299
53 300
54 56
54 61
54 62
54 64
54 69
54 70
54 73
54 82
54 116
54 121
54 124
54 125
54 129
54 136
54 138
54 139
54 142
54 143
54 144
54 147
54 150
54 151
54 154
54 158
54 162
54 186
54 262
54 272
54 296
55 56
55 61
55 62
55 64
55 69
55 70
55 73
55 79
55 80
55 82
55 90
55 109
55 114
55 117
55 119
55 121
55 123
55 126
55 127
55 128
55 131
55 132
55 134
55 135
55 140
55 146
55 147
55 149
55 151
55 152
55 156
55 157
55 160
55 272
56 57
56 58
56 59
56 60
56 61
56 62
56 63
56 64
56 65
56 66
56 67
56 68
56 69
56 70
56 71
56 72
56 73
56 74
56 75
56 81
56 82
56 84
56 94
56 95
56 100
56 103
56 115
56 117
56 119
56 122
56 124
56 130
56 131
56 151
56 155
56 168
56 186
56 189
56 204
56 213
56 223
56 228
56 244
56 267
56 269
56 272
56 277
56 283
56 291
56 295
56 296
57 61
57 62
57 64
57 69
57 70
57 73
57 82
57 116
57 121
57 122
57 124
57 125
57 129
57 130
57 136
57 137
57 138
57 139
57 142
57 143
57 144
57 147
57 150
57 156
57 158
57 161
57 162
57 235
57 272
57 300
58 61
58 62
58 64
58 69
58 70
58 73
58 116
58 119
58 121
58 122
58 124
58 125
58 130
58 136
58 138
58 139
58 141
58 142
58 143
58 150
58 155
58 158
58 159
58 162
58 166
58 180
58 186
58 207
58 235
58 253
58 272
58 295
59 61
59 62
59 64
59 69
59 70
59 73
59 76
59 82
59 83
59 102
59 103
59 114
59 119
59 122
59 123
59 126
59 127
59 128
59 130
59 134
59 135
59 140
59 145
59 146
59 148
59 149
59 151
59 152
59 156
59 157
59 160
59 161
59 164
59 182
59 186
59 189
59 194
59 196
59 204
59 210
59 213
59 216
59 222
59 223
59 233
59 235
59 244
59 248
59 261
59 269
59 272
59 276
59 295
59 299
60 61
60 62
60 64
60 69
60 70
60 73
60 82
60 119
60 123
60 126
60 128
60 131
60 134
60 135
60 139
60 140
60 145
60 146
60 148
60 149
60 151
60 152
60 156
60 157
60 158
60 160
60 211
60 217
60 269
61 62
61 63
61 64
61 65
61 66
61 67
61 68
61 69
61 70
61 71
61 72
61 73
61 74
61 75
61 93
61 116
61 122
61 123
61 124
61 125
61 126
61 129
61 132
61 135
61 136
61 137
61 138
61 140
61 141
61 142
61 143
61 144
61 146
61 147
61 148
61 149
61 150
61 151
61 155
61 157
61 158
61 159
61 160
61 162
61 186
61 189
61 222
61 269
61 272
62 63
62 64
62 65
62 66
62 67
62 68
62 69
62 70
62 71
62 72
62 73
62 74
62 75
62 76
62 77
62 78
62 79
62 80
62 81
62 82
62 84
62 85
62 86
62 89
62 92
62 93
62 101
62 104
62 105
62 112
62 113
62 115
62 118
62 121
62 122
62 123
62 130
62 132
62 133
62 134
62 141
62 150
62 151
62 156
62 159
62 161
62 194
62 235
62 272
62 283
62 293
62 297
62 300
63 64
63 69
63 70
63 73
63 76
63 81
63 95
63 103
63 106
63 114
63 119
63 121
63 122
63 123
63 126
63 128
63 130
63 134
63 135
63 140
63 145
63 146
63 148
63 149
63 151
63 152
63 156
63 157
63 160
63 161
63 269
63 272
63 295
64 65
64 66
64 67
64 68
64 69
64 71
64 72
64 74
64 75
64 82
64 84
64 98
64 108
64 125
64 134
64 135
64 137
64 138
64 141
64 142
64 143
64 149
64 150
64 151
64 157
64 208
64 209
64 222
64 229
64 240
64 247
64 286
64 288
64 289
65 69
65 70
65 73
65 82
65 87
65 91
65 114
65 119
65 123
65 126
65 127
65 128
65 130
65 135
65 140
65 145
65 146
65 148
65 149
65 151
65 152
65 156
65 157
65 160
65 292
65 294
65 295
65 297
65 299
65 300
66 69
66 70
66 73
66 82
66 103
66 119
66 121
66 122
66 123
66 125
66 126
66 130
66 131
66 134
66 135
66 139
66 140
66 145
66 146
66 148
66 149
66 151
66 152
66 157
66 160
66 162
67 69
67 70
67 73
67 82
67 114
67 116
67 119
67 121
67 122
67 123
67 127
67 128
67 130
67 131
67 132
67 134
67 135
67 140
67 145
67 146
67 148
67 149
67 151
67 152
67 156
67 157
67 160
67 209
67 260
68 69
68 70
68 73
68 76
68 79
68 81
68 82
68 92
68 95
68 100
68 103
68 106
68 108
68 109
68 113
68 114
68 115
68 116
68 117
68 119
68 121
68 122
68 124
68 125
68 129
68 130
68 131
68 136
68 137
68 138
68 139
68 141
68 142
68 144
68 150
68 152
68 156
68 161
68 162
68 186
68 267
68 269
69 70
69 71
69 72
69 73
69 74
69 75
69 116
69 122
69 123
69 124
69 125
69 126
69 128
69 129
69 131
69 132
69 135
69 136
69 137
69 138
69 140
69 141
69 142
69 143
69 144
69 145
69 146
69 147
69 148
69 150
69 151
69 152
69 155
69 156
69 158
69 160
69 186
69 211
69 269
70 71
70 72
70 74
70 75
70 82
70 91
70 102
70 103
70 114
70 115
70 120
70 122
70 124
70 125
70 127
70 128
70 129
70 134
70 135
70 136
70 137
70 138
70 139
70 140
70 141
70 142
70 143
70 144
70 145
70 146
70 147
70 149
70 150
70 151
70 153
70 155
70 156
70 157
70 158
70 159
70 162
70 211
70 289
70 299
71 73
71 89
71 90
71 112
71 117
71 119
71 121
71 123
71 125
71 126
71 127
71 128
71 131
71 132
71 134
71 135
71 140
71 145
71 146
71 148
71 151
71 152
71 154
71 159
71 160
71 180
71 217
71 256
71 260
72 73
72 82
72 117
72 119
72 121
72 122
72 123
72 125
72 126
72 128
72 129
72 131
72 134
72 135
72 139
72 140
72 146
72 148
72 149
72 152
72 157
72 160
72 272
73 74
73 75
73 81
73 83
73 90
73 93
73 96
73 99
73 102
73 103
73 106
73 112
73 113
73 114
73 115
73 116
73 117
73 119
73 122
73 124
73 128
73 132
73 136
73 137
73 138
73 140
73 141
73 142
73 144
73 147
73 150
73 151
73 156
73 158
73 159
73 162
73 173
73 188
73 189
73 192
73 200
73 203
73 216
73 221
73 222
73 223
73 231
73 244
73 248
73 253
73 289
73 299
74 80
74 87
74 97
74 99
74 102
74 115
74 119
74 120
74 122
74 126
74 129
74 130
74 136
74 139
74 140
74 141
74 143
74 146
74 150
74 153
74 155
74 158
74 160
74 161
74 162
74 166
74 186
74 253
74 272
74 291
74 295
74 296
74 299
74 300
75 77
75 80
75 83
75 91
75 102
75 113
75 115
75 119
75 122
75 124
75 125
75 129
75 130
75 131
75 132
75 137
75 138
75 139
75 141
75 142
75 143
75 144
75 147
75 155
75 159
75 162
75 299
76 77
76 78
76 79
76 80
76 82
76 83
76 84
76 86
76 88
76 89
76 90
76 91
76 92
76 93
76 94
76 95
76 96
76 97
76 98
76 99
76 100
76 101
76 102
76 103
76 104
76 106
76 107
76 108
76 109
76 111
76 112
76 113
76 114
76 115
76 116
76 118
76 119
76 120
76 122
76 123
76 127
76 130
76 131
76 133
76 134
76 135
76 138
76 145
76 146
76 149
76 151
76 153
76 160
76 164
76 165
76 167
76 169
76 177
76 179
76 180
76 181
76 190
76 195
76 197
76 202
76 207
76 208
76 209
76 213
76 217
76 219
76 232
76 234
76 237
76 239
76 241
76 246
76 250
76 255
76 260
76 263
76 264
76 272
76 276
76 277
76 278
76 284
76 285
76 286
76 289
76 290
76 299
76 300
77 81
77 82
77 83
77 95
77 96
77 98
77 99
77 100
77 102
77 106
77 107
77 108
77 110
77 111
77 114
77 116
77 117
77 119
77 120
77 125
77 128
77 146
77 148
77 174
77 189
77 194
77 209
77 211
77 216
77 217
77 222
77 223
77 237
77 240
77 244
77 248
77 276
77 290
77 299
78 81
78 82
78 83
78 87
78 95
78 96
78 98
78 99
78 102
78 106
78 107
78 108
78 110
78 111
78 114
78 115
78 116
78 117
78 119
78 120
78 134
78 139
78 145
78 147
78 148
78 160
78 175
78 177
78 179
78 184
78 188
78 193
78 194
78 195
78 207
78 211
78 217
78 221
78 222
78 229
78 246
78 247
78 249
78 250
78 256
78 260
78 262
78 263
78 273
78 286
78 288
78 290
78 293
78 294
78 298
79 81
79 82
79 83
79 87
79 95
79 96
79 98
79 99
79 100
79 102
79 106
79 107
79 108
79 110
79 111
79 114
79 116
79 117
79 119
79 120
79 122
79 126
79 129
79 130
79 138
79 143
79 148
79 150
79 153
79 157
79 160
79 162
79 170
79 174
79 183
79 185
79 187
79 190
79 194
79 199
79 202
79 205
79 206
79 211
79 217
79 218
79 220
79 224
79 236
79 240
79 248
79 251
79 252
79 262
79 263
79 267
79 269
79 275
79 279
79 280
79 281
79 291
79 297
79 300
80 81
80 82
80 83
80 87
80 95
80 96
80 98
80 99
80 100
80 102
80 106
80 107
80 108
80 110
80 111
80 114
80 116
80 117
80 119
80 120
80 122
80 130
80 131
80 135
80 137
80 140
80 142
80 157
80 159
80 160
80 174
80 185
80 189
80 192
80 194
80 211
80 216
80 217
80 223
80 237
80 240
80 244
80 248
80 276
80 290
80 291
80 299
81 82
81 83
81 84
81 85
81 86
81 88
81 89
81 90
81 91
81 92
81 93
81 94
81 95
81 96
81 97
81 98
81 99
81 100
81 101
81 102
81 103
81 104
81 105
81 106
81 107
81 108
81 109
81 111
81 112
81 113
81 114
81 115
81 116
81 118
81 119
81 120
81 122
81 130
81 131
81 132
81 133
81 138
81 140
81 145
81 156
81 157
81 158
81 159
81 160
81 161
81 163
81 164
81 165
81 166
81 167
81 168
81 169
81 170
81 171
81 173
81 175
81 176
81 177
81 178
81 179
81 181
81 182
81 183
81 184
81 186
81 187
81 188
81 189
81 191
81 192
81 193
81 195
81 196
81 197
81 198
81 199
81 200
81 201
81 204
81 205
81 206
81 207
81 208
81 209
81 210
81 211
81 212
81 213
81 214
81 215
81 216
81 217
81 218
81 219
81 221
81 223
81 224
81 226
81 227
81 228
81 229
81 230
81 231
81 232
81 233
81 234
81 235
81 237
81 238
81 239
81 240
81 242
81 243
81 244
81 245
81 246
81 247
81 248
81 249
81 250
81 251
81 252
81 253
81 254
81 255
81 256
81 257
81 258
81 259
81 261
81 263
81 264
81 265
81 266
81 267
81 268
81 269
81 270
81 271
81 272
81 273
81 274
81 275
81 276
81 277
81 278
81 279
81 281
81 283
81 284
81 285
81 286
81 287
81 290
81 291
82 83
82 84
82 85
82 86
82 87
82 88
82 89
82 90
82 91
82 92
82 94
82 95
82 96
82 97
82 98
82 99
82 100
82 101
82 102
82 103
82 104
82 105
82 106
82 107
82 108
82 109
82 110
82 111
82 112
82 113
82 114
82 115
82 117
82 118
82 120
82 122
82 124
82 125
82 129
82 130
82 132
82 134
82 135
82 138
82 139
82 140
82 142
82 143
82 144
82 147
82 151
82 154
82 155
82 156
82 157
82 160
82 161
82 162
82 163
82 172
82 173
82 181
82 185
82 188
82 189
82 192
82 198
82 200
82 203
82 209
82 210
82 216
82 219
82 221
82 222
82 223
82 228
82 231
82 233
82 237
82 240
82 241
82 244
82 248
82 254
82 261
82 262
82 276
82 280
82 285
82 290
82 291
82 300
83 84
83 85
83 86
83 87
83 88
83 89
83 90
83 91
83 92
83 93
83 94
83 95
83 96
83 97
83 99
83 100
83 101
83 102
83 103
83 104
83 105
83 107
83 109
83 110
83 111
83 112
83 113
83 114
83 115
83 116
83 117
83 118
83 119
83 120
83 130
83 131
83 132
83 133
83 142
83 146
83 148
83 150
83 154
83 156
83 158
83 160
83 174
83 178
83 189
83 196
83 203
83 209
83 211
83 216
83 217
83 222
83 224
83 226
83 240
83 248
83 258
83 262
83 263
83 265
83 270
83 271
83 288
84 87
84 95
84 96
84 98
84 99
84 100
84 102
84 106
84 107
84 108
84 110
84 111
84 114
84 116
84 117
84 119
84 120
84 124
84 131
84 132
84 135
84 140
84 148
84 151
84 154
84 156
84 160
84 161
84 172
84 173
84 174
84 178
84 181
84 185
84 188
84 192
84 194
84 200
84 201
84 209
84 211
84 216
84 217
84 219
84 224
84 225
84 228
84 237
84 239
84 240
84 248
84 256
84 258
84 262
84 266
84 270
84 276
84 278
84 281
84 288
84 291
84 295
84 296
84 300
85 95
85 96
85 98
85 99
85 102
85 106
85 107
85 108
85 110
85 111
85 114
85 116
85 120
85 121
85 130
85 142
85 145
85 150
85 153
85 159
85 163
85 177
85 184
85 186
85 188
85 189
85 194
85 195
85 214
85 221
85 223
85 231
85 244
85 246
85 249
85 256
85 260
85 278
85 283
85 290
85 299
86 95
86 96
86 98
86 99
86 100
86 102
86 107
86 108
86 110
86 111
86 114
86 116
86 117
86 119
86 120
86 159
86 173
86 174
86 188
86 189
86 192
86 194
86 200
86 203
86 209
86 216
86 217
86 240
86 241
86 244
86 248
86 261
86 291
86 299
87 88
87 89
87 90
87 91
87 93
87 94
87 95
87 96
87 97
87 98
87 99
87 100
87 101
87 102
87 103
87 104
87 106
87 107
87 108
87 109
87 111
87 113
87 114
87 115
87 116
87 118
87 119
87 120
87 131
87 145
87 151
87 154
87 157
87 160
87 161
87 163
87 165
87 167
87 168
87 169
87 170
87 171
87 175
87 176
87 177
87 179
87 184
87 187
87 194
87 195
87 197
87 205
87 206
87 207
87 214
87 217
87 218
87 220
87 222
87 227
87 229
87 230
87 231
87 232
87 233
87 234
87 236
87 238
87 239
87 240
87 242
87 243
87 252
87 253
87 255
87 264
87 268
87 269
87 273
87 278
87 279
87 281
87 283
87 286
87 287
87 289
88 95
88 96
88 98
88 99
88 100
88 102
88 106
88 107
88 108
88 110
88 111
88 114
88 116
88 117
88 119
88 120
88 130
88 148
88 160
88 174
88 178
88 189
88 194
88 201
88 211
88 222
88 226
88 234
88 242
88 244
88 258
88 259
88 262
88 263
88 265
88 270
88 288
88 291
88 292
88 294
89 95
89 96
89 98
89 99
89 100
89 102
89 106
89 107
89 108
89 110
89 111
89 114
89 116
89 117
89 119
89 120
89 121
89 122
89 124
89 129
89 130
89 131
89 135
89 136
89 138
89 143
89 145
89 146
89 147
89 149
89 153
89 156
89 157
89 160
89 161
89 169
89 174
89 175
89 177
89 178
89 179
89 180
89 186
89 188
89 189
89 193
89 194
89 195
89 197
89 202
89 207
89 209
89 211
89 214
89 215
89 217
89 221
89 222
89 223
89 225
89 229
89 239
89 240
89 244
89 246
89 247
89 249
89 250
89 256
89 260
89 262
89 273
89 276
89 278
89 283
89 286
89 288
89 290
89 291
89 299
89 300
90 95
90 96
90 98
90 99
90 100
90 102
90 106
90 107
90 108
90 110
90 111
90 114
90 116
90 117
90 119
90 120
90 141
90 142
90 146
90 148
90 150
90 159
90 160
90 174
90 175
90 177
90 179
90 180
90 184
90 188
90 189
90 193
90 195
90 207
90 211
90 216
90 217
90 221
90 223
90 229
90 231
90 244
90 246
90 247
90 248
90 249
90 250
90 256
90 260
90 263
90 271
90 273
90 286
90 288
90 290
90 293
90 298
90 299
91 95
91 96
91 98
91 99
91 100
91 102
91 106
91 107
91 108
91 110
91 111
91 114
91 116
91 117
91 119
91 120
91 122
91 123
91 130
91 131
91 134
91 135
91 141
91 142
91 150
91 153
91 154
91 157
91 160
91 163
91 164
91 165
91 166
91 173
91 178
91 179
91 183
91 186
91 188
91 189
91 192
91 194
91 196
91 197
91 200
91 212
91 214
91 216
91 219
91 225
91 226
91 233
91 239
91 248
91 251
91 258
91 259
91 261
91 262
91 263
91 265
91 267
91 269
91 271
91 272
91 275
91 276
91 278
91 281
91 283
91 288
91 289
91 291
91 296
91 300
92 95
92 96
92 98
92 99
92 100
92 102
92 106
92 107
92 108
92 110
92 111
92 114
92 115
92 116
92 117
92 119
92 120
92 122
92 132
92 160
92 162
92 174
92 178
92 185
92 209
92 211
92 217
92 222
92 257
92 262
92 281
92 299
93 95
93 96
93 98
93 99
93 100
93 102
93 106
93 107
93 108
93 110
93 111
93 114
93 116
93 117
93 119
93 120
93 130
93 135
93 154
93 159
93 160
93 174
93 181
93 186
93 189
93 194
93 196
93 211
93 223
93 225
93 235
93 238
93 243
93 244
93 248
93 251
93 259
93 263
93 271
93 272
93 276
93 278
93 290
93 291
93 300
94 95
94 96
94 98
94 99
94 100
94 102
94 106
94 107
94 108
94 110
94 111
94 114
94 115
94 116
94 117
94 119
94 120
94 122
94 130
94 148
94 151
94 160
94 174
94 185
94 194
94 217
94 226
94 234
94 242
94 248
94 258
94 259
94 262
94 265
94 291
94 299
95 97
95 98
95 99
95 100
95 101
95 102
95 103
95 104
95 105
95 106
95 107
95 108
95 109
95 110
95 111
95 113
95 114
95 115
95 116
95 117
95 118
95 119
95 120
95 122
95 130
95 133
95 151
95 160
95 172
95 173
95 174
95 178
95 185
95 186
95 189
95 200
95 202
95 209
95 211
95 216
95 217
95 223
95 225
95 228
95 239
95 240
95 244
95 248
95 256
95 262
95 266
95 267
95 269
95 276
95 290
95 291
96 97
96 98
96 99
96 100
96 101
96 102
96 103
96 104
96 105
96 106
96 107
96 108
96 109
96 110
96 111
96 112
96 113
96 114
96 115
96 116
96 117
96 118
96 119
96 120
96 130
96 132
96 133
96 146
96 148
96 160
96 161
96 163
96 174
96 189
96 211
96 217
96 222
96 223
96 237
96 244
96 263
97 98
97 99
97 100
97 102
97 106
97 107
97 108
97 110
97 111
97 114
97 116
97 117
97 119
97 120
97 122
97 125
97 130
97 131
97 160
97 166
97 174
97 194
97 196
97 211
97 212
97 216
97 217
97 248
97 251
97 262
97 263
97 271
97 289
97 291
97 299
98 99
98 100
98 101
98 102
98 103
98 104
98 105
98 107
98 109
98 110
98 111
98 112
98 113
98 114
98 115
98 116
98 117
98 118
98 119
98 120
98 130
98 133
98 148
98 154
98 164
98 174
98 178
98 196
98 203
98 209
98 214
98 216
98 217
98 222
98 223
98 224
98 226
98 235
98 240
98 244
98 248
98 258
98 259
98 262
98 265
98 270
98 271
98 276
98 288
98 289
98 296
99 100
99 101
99 102
99 103
99 104
99 105
99 106
99 107
99 108
99 109
99 110
99 111
99 112
99 113
99 114
99 115
99 116
99 117
99 118
99 119
99 120
99 122
99 124
99 128
99 129
99 131
99 132
99 133
99 134
99 135
99 137
99 138
99 139
99 143
99 146
99 147
99 149
99 150
99 153
99 154
99 157
99 161
99 163
99 168
99 169
99 170
99 172
99 173
99 174
99 178
99 181
99 185
99 186
99 188
99 189
99 192
99 194
99 197
99 200
99 201
99 202
99 203
99 204
99 209
99 213
99 214
99 216
99 221
99 223
99 227
99 237
99 239
99 240
99 243
99 244
99 248
99 262
99 266
99 276
99 278
99 279
99 283
99 284
99 289
99 290
99 291
99 300
100 101
100 102
100 103
100 104
100 105
100 106
100 107
100 108
100 109
100 110
100 111
100 112
100 113
100 114
100 115
100 116
100 117
100 118
100 119
100 120
100 122
100 134
100 140
100 149
100 151
100 154
100 160
100 185
100 189
100 196
100 214
100 216
100 235
100 244
100 248
100 259
100 262
100 263
100 267
100 271
100 276
100 290
100 291
100 296
101 102
101 106
101 107
101 108
101 110
101 111
101 114
101 116
101 117
101 119
101 120
101 121
101 122
101 174
101 188
101 193
101 194
101 217
101 221
101 231
101 256
101 290
101 291
101 298
101 299
102 103
102 104
102 105
102 106
102 107
102 108
102 109
102 110
102 111
102 112
102 113
102 114
102 115
102 116
102 117
102 118
102 119
102 120
102 122
102 130
102 131
102 132
102 135
102 137
102 138
102 140
102 151
102 154
102 156
102 157
102 159
102 160
102 161
102 163
102 164
102 165
102 166
102 169
102 170
102 182
102 185
102 186
102 189
102 190
102 194
102 195
102 196
102 197
102 201
102 202
102 204
102 205
102 206
102 210
102 213
102 214
102 223
102 230
102 232
102 233
102 236
102 238
102 242
102 244
102 248
102 255
102 261
102 264
102 267
102 269
102 276
102 282
102 283
102 285
102 291
102 298
102 300
103 106
103 107
103 108
103 110
103 111
103 114
103 116
103 117
103 119
103 120
103 122
103 126
103 130
103 131
103 138
103 143
103 146
103 148
103 153
103 160
103 171
103 172
103 174
103 176
103 178
103 183
103 185
103 191
103 194
103 199
103 202
103 211
103 217
103 222
103 224
103 225
103 240
103 243
103 249
103 251
103 256
103 257
103 262
103 275
103 280
103 281
103 288
103 291
103 296
103 299
104 106
104 107
104 108
104 110
104 111
104 114
104 116
104 117
104 119
104 120
104 122
104 160
104 174
104 178
104 185
104 189
104 194
104 196
104 200
104 211
104 212
104 216
104 217
104 223
104 244
104 248
104 251
104 262
104 263
104 276
104 289
104 290
104 291
105 106
105 107
105 108
105 110
105 111
105 114
105 116
105 117
105 119
105 120
105 121
105 122
105 153
105 159
105 174
105 175
105 181
105 184
105 188
105 189
105 193
105 214
105 216
105 221
105 222
105 223
105 231
105 243
105 244
105 247
105 248
105 250
105 256
105 276
105 278
105 283
105 286
105 290
105 291
105 298
106 107
106 109
106 110
106 111
106 112
106 113
106 114
106 115
106 116
106 117
106 119
106 120
106 121
106 122
106 130
106 131
106 132
106 134
106 137
106 138
106 139
106 140
106 145
106 147
106 151
106 154
106 156
106 158
106 159
106 160
106 173
106 175
106 177
106 179
106 180
106 184
106 185
106 186
106 188
106 189
106 193
106 195
106 200
106 203
106 207
106 216
106 221
106 222
106 223
106 229
106 231
106 237
106 240
106 244
106 246
106 247
106 248
106 249
106 250
106 256
106 259
106 260
106 262
106 263
106 273
106 276
106 286
106 288
106 290
106 291
107 108
107 109
107 110
107 111
107 112
107 113
107 114
107 115
107 116
107 117
107 118
107 119
107 120
107 127
107 133
107 159
107 160
107 174
107 175
107 177
107 179
107 180
107 184
107 188
107 193
107 195
107 207
107 209
107 216
107 217
107 221
107 229
107 231
107 240
107 246
107 247
107 248
107 249
107 250
107 256
107 262
107 263
107 273
107 286
107 288
107 290
107 291
107 293
107 298
108 109
108 110
108 111
108 112
108 113
108 114
108 115
108 116
108 117
108 118
108 119
108 120
108 122
108 129
108 131
108 132
108 133
108 140
108 146
108 150
108 152
108 153
108 154
108 160
108 174
108 186
108 202
108 209
108 211
108 212
108 216
108 217
108 222
108 225
108 240
108 243
108 248
108 262
108 263
108 271
108 276
108 278
108 283
108 291
108 299
109 110
109 111
109 114
109 116
109 117
109 119
109 120
109 122
109 131
109 137
109 148
109 160
109 166
109 174
109 189
109 192
109 194
109 196
109 211
109 212
109 216
109 217
109 222
109 223
109 235
109 237
109 244
109 248
109 262
109 263
109 271
109 276
109 289
109 290
109 299
110 111
110 112
110 113
110 114
110 115
110 116
110 118
110 119
110 120
110 122
110 130
110 131
110 133
110 140
110 145
110 154
110 156
110 157
110 160
110 161
110 163
110 164
110 165
110 166
110 168
110 169
110 170
110 171
110 172
110 175
110 177
110 179
110 181
110 182
110 183
110 184
110 185
110 186
110 187
110 188
110 191
110 192
110 193
110 195
110 196
110 197
110 198
110 199
110 201
110 203
110 204
110 205
110 206
110 207
110 208
110 209
110 210
110 211
110 212
110 213
110 214
110 215
110 218
110 219
110 220
110 221
110 222
110 224
110 225
110 226
110 227
110 228
110 229
110 230
110 231
110 232
110 233
110 234
110 235
110 236
110 238
110 239
110 240
110 242
110 243
110 245
110 246
110 247
110 249
110 250
110 251
110 252
110 253
110 254
110 255
110 256
110 257
110 258
110 261
110 263
110 264
110 265
110 266
110 267
110 269
110 270
110 271
110 272
110 273
110 274
110 275
110 277
110 278
110 279
110 280
110 283
110 284
110 285
110 286
110 287
110 288
111 112
111 113
111 115
111 116
111 117
111 118
111 119
111 121
111 122
111 125
111 128
111 132
111 133
111 134
111 139
111 145
111 147
111 152
111 155
111 160
111 162
111 175
111 177
111 179
111 180
111 184
111 188
111 193
111 195
111 207
111 221
111 229
111 231
111 246
111 247
111 248
111 249
111 250
111 256
111 258
111 259
111 260
111 262
111 265
111 273
111 286
111 288
111 290
111 298
112 114
112 116
112 117
112 119
112 120
112 121
112 122
112 147
112 148
112 174
112 188
112 194
112 209
112 217
112 221
112 222
112 229
112 231
112 240
112 247
112 288
112 290
112 298
112 299
113 114
113 116
113 117
113 119
113 120
113 122
113 129
113 131
113 137
113 138
113 140
113 143
113 151
113 154
113 158
113 159
113 160
113 163
113 164
113 165
113 166
113 178
113 185
113 192
113 196
113 199
113 200
113 201
113 208
113 212
113 216
113 219
113 222
113 225
113 226
113 235
113 237
113 244
113 248
113 251
113 258
113 259
113 262
113 263
113 265
113 267
113 269
113 271
113 278
113 287
113 288
113 289
113 290
113 291
113 296
113 298
114 115
114 116
114 117
114 118
114 119
114 122
114 123
114 124
114 125
114 126
114 127
114 128
114 129
114 130
114 132
114 133
114 134
114 135
114 137
114 139
114 141
114 142
114 143
114 144
114 145
114 147
114 148
114 149
114 150
114 151
114 152
114 154
114 155
114 156
114 157
114 158
114 160
114 162
114 169
114 172
114 178
114 197
114 202
114 209
114 211
114 214
114 217
114 239
114 240
114 266
114 278
114 283
114 291
114 299
115 116
115 117
115 119
115 120
115 121
115 122
115 130
115 131
115 135
115 137
115 140
115 148
115 151
115 154
115 157
115 160
115 170
115 172
115 173
115 181
115 185
115 186
115 188
115 189
115 191
115 192
115 198
115 200
115 201
115 203
115 204
115 209
115 210
115 213
115 216
115 219
115 221
115 222
115 223
115 228
115 231
115 233
115 237
115 238
115 244
115 248
115 250
115 254
115 256
115 261
115 262
115 263
115 267
115 276
115 279
115 280
115 284
115 290
115 291
115 298
116 117
116 118
116 120
116 121
116 123
116 126
116 128
116 130
116 132
116 134
116 135
116 140
116 145
116 146
116 148
116 149
116 151
116 152
116 154
116 156
116 157
116 159
116 160
116 163
116 174
116 209
116 211
116 217
116 222
116 240
116 276
116 295
116 296
116 299
116 300
117 118
117 119
117 120
117 122
117 123
117 124
117 125
117 126
117 128
117 129
117 132
117 133
117 135
117 136
117 137
117 141
117 142
117 144
117 145
117 146
117 147
117 148
117 149
117 150
117 151
117 152
117 156
117 158
117 160
117 161
117 162
117 163
117 164
117 165
117 167
117 168
117 169
117 170
117 171
117 174
117 175
117 176
117 177
117 178
117 179
117 181
117 182
117 183
117 184
117 186
117 187
117 188
117 189
117 191
117 193
117 195
117 197
117 198
117 200
117 201
117 203
117 204
117 205
117 207
117 208
117 210
117 211
117 213
117 214
117 215
117 218
117 219
117 220
117 221
117 222
117 223
117 224
117 226
117 227
117 229
117 230
117 231
117 232
117 233
117 234
117 235
117 236
117 237
117 238
117 239
117 242
117 243
117 245
117 246
117 247
117 249
117 250
117 252
117 253
117 254
117 255
117 256
117 257
117 258
117 259
117 261
117 264
117 265
117 266
117 268
117 269
117 272
117 273
117 274
117 276
117 277
117 278
117 279
117 280
117 281
117 284
117 285
117 286
117 287
117 288
117 289
117 290
118 119
118 120
118 125
118 128
118 137
118 146
118 148
118 159
118 160
118 162
118 174
118 185
118 189
118 194
118 209
118 211
118 216
118 217
118 222
118 223
118 238
118 240
118 244
118 248
118 262
118 276
118 278
118 290
119 120
119 121
119 122
119 124
119 125
119 130
119 132
119 136
119 137
119 139
119 141
119 142
119 143
119 144
119 147
119 150
119 151
119 154
119 155
119 156
119 158
119 159
119 160
119 162
119 163
119 164
119 165
119 166
119 169
119 171
119 173
119 176
119 178
119 179
119 181
119 183
119 185
119 186
119 188
119 189
119 190
119 191
119 192
119 193
119 196
119 197
119 199
119 200
119 201
119 202
119 203
119 204
119 208
119 209
119 210
119 211
119 212
119 213
119 214
119 215
119 216
119 218
119 221
119 222
119 223
119 224
119 225
119 226
119 227
119 228
119 229
119 230
119 231
119 233
119 234
119 235
119 236
119 237
119 242
119 243
119 244
119 245
119 246
119 247
119 248
119 249
119 251
119 254
119 255
119 257
119 258
119 259
119 261
119 262
119 263
119 265
119 266
119 267
119 268
119 270
119 271
119 272
119 274
119 275
119 276
119 277
119 280
119 281
119 283
119 284
119 286
119 288
119 289
119 290
119 291
119 296
119 299
120 122
120 130
120 131
120 132
120 133
120 160
120 166
120 174
120 196
120 211
120 212
120 216
120 217
120 235
120 237
120 248
120 251
120 262
120 263
120 271
120 289
120 291
121 122
121 123
121 126
121 127
121 128
121 130
121 133
121 134
121 135
121 140
121 142
121 145
121 146
121 148
121 149
121 151
121 152
121 153
121 154
121 156
121 157
121 159
121 160
121 161
121 175
121 177
121 184
121 185
121 186
121 188
121 189
121 193
121 194
121 195
121 221
121 223
121 244
121 246
121 249
121 250
121 256
121 260
121 269
121 273
121 288
121 290
121 293
121 300
122 123
122 124
122 125
122 126
122 127
122 128
122 129
122 130
122 131
122 132
122 133
122 136
122 137
122 138
122 139
122 140
122 141
122 142
122 143
122 144
122 145
122 146
122 147
122 148
122 150
122 151
122 152
122 153
122 154
122 155
122 156
122 157
122 158
122 159
122 160
122 161
122 162
122 167
122 170
122 185
122 186
122 194
122 196
122 199
122 202
122 204
122 205
122 213
122 214
122 225
122 232
122 233
122 235
122 236
122 238
122 249
122 251
122 252
122 260
122 264
122 267
122 268
122 269
122 274
122 275
122 283
122 294
122 295
122 297
122 299
122 300
123 124
123 125
123 127
123 128
123 129
123 131
123 133
123 134
123 135
123 136
123 137
123 138
123 139
123 140
123 141
123 142
123 143
123 144
123 145
123 146
123 147
123 149
123 150
123 151
123 153
123 154
123 155
123 156
123 157
123 158
123 161
123 162
123 185
123 199
123 202
123 209
123 211
123 217
123 222
123 227
123 236
123 256
123 292
123 294
123 296
123 297
123 299
123 300
124 126
124 127
124 128
124 130
124 132
124 133
124 134
124 135
124 140
124 145
124 146
124 148
124 149
124 151
124 152
124 153
124 154
124 156
124 157
124 159
124 160
124 161
124 174
124 180
124 181
124 185
124 186
124 190
124 194
124 198
124 199
124 211
124 217
124 222
124 224
124 227
124 236
124 238
124 251
124 253
124 267
124 269
124 276
124 291
124 299
124 300
125 126
125 127
125 128
125 130
125 132
125 133
125 134
125 135
125 140
125 145
125 146
125 148
125 149
125 151
125 152
125 153
125 156
125 157
125 159
125 160
125 161
125 168
125 190
125 196
125 199
125 206
125 209
125 211
125 217
125 222
125 236
125 238
125 240
125 251
125 264
125 269
125 291
125 292
126 127
126 128
126 129
126 131
126 132
126 133
126 134
126 135
126 136
126 137
126 138
126 139
126 140
126 141
126 142
126 143
126 144
126 145
126 146
126 147
126 149
126 150
126 151
126 153
126 154
126 155
126 156
126 157
126 158
126 161
126 162
126 174
126 180
126 184
126 185
126 190
126 199
126 209
126 217
126 222
126 224
126 227
126 236
126 238
126 240
126 267
126 269
126 276
126 289
126 291
126 300
127 128
127 129
127 130
127 131
127 133
127 134
127 135
127 136
127 137
127 138
127 139
127 140
127 141
127 142
127 143
127 144
127 145
127 146
127 147
127 148
127 149
127 150
127 151
127 152
127 153
127 154
127 155
127 156
127 157
127 158
127 159
127 160
127 161
127 162
127 174
127 175
127 176
127 177
127 180
127 184
127 188
127 193
127 195
127 209
127 221
127 240
127 246
127 250
127 256
127 293
127 296
127 298
127 300
128 129
128 130
128 131
128 132
128 133
128 134
128 135
128 136
128 137
128 138
128 139
128 140
128 141
128 142
128 143
128 144
128 145
128 146
128 147
128 148
128 149
128 150
128 151
128 152
128 153
128 154
128 155
128 156
128 157
128 158
128 159
128 160
128 161
128 162
128 167
128 170
128 186
128 190
128 199
128 205
128 206
128 209
128 214
128 217
128 222
128 227
128 233
128 236
128 240
128 249
128 251
128 252
128 269
128 278
128 282
128 283
128 295
128 299
129 130
129 132
129 133
129 134
129 135
129 140
129 145
129 146
129 148
129 149
129 151
129 152
129 153
129 154
129 156
129 157
129 159
129 160
129 161
129 167
129 170
129 174
129 176
129 180
129 185
129 186
129 190
129 199
129 202
129 205
129 206
129 209
129 215
129 217
129 222
129 224
129 227
129 233
129 236
129 238
129 240
129 243
129 256
129 269
129 276
129 278
129 283
129 291
129 295
129 296
129 299
129 300
130 131
130 133
130 134
130 135
130 136
130 137
130 138
130 139
130 140
130 141
130 142
130 143
130 144
130 145
130 146
130 147
130 149
130 150
130 151
130 153
130 154
130 155
130 156
130 157
130 158
130 161
130 162
130 168
130 169
130 170
130 174
130 176
130 185
130 186
130 190
130 194
130 196
130 198
130 199
130 202
130 204
130 205
130 206
130 209
130 213
130 214
130 215
130 224
130 227
130 232
130 233
130 236
130 238
130 240
130 243
130 249
130 251
130 252
130 256
130 260
130 264
130 269
130 274
130 275
130 276
130 278
130 279
130 283
130 291
130 292
130 293
130 294
130 295
130 296
130 297
130 299
130 300
131 133
131 134
131 135
131 140
131 145
131 146
131 148
131 149
131 151
131 152
131 153
131 154
131 156
131 157
131 159
131 160
131 161
131 163
131 166
131 167
131 170
131 186
131 190
131 196
131 199
131 202
131 204
131 205
131 206
131 209
131 213
131 214
131 225
131 227
131 233
131 235
131 236
131 238
131 249
131 251
131 252
131 253
131 260
131 264
131 269
131 272
131 274
131 275
131 278
131 283
131 292
131 293
131 294
131 295
131 296
131 297
131 299
131 300
132 134
132 135
132 136
132 137
132 138
132 139
132 140
132 141
132 142
132 143
132 145
132 146
132 147
132 148
132 149
132 150
132 151
132 152
132 153
132 154
132 155
132 156
132 157
132 158
132 159
132 160
132 162
132 168
132 172
132 174
132 185
132 194
132 202
132 209
132 211
132 216
132 217
132 222
132 228
132 248
132 273
132 283
132 291
132 292
132 293
132 295
132 296
132 297
132 298
132 299
132 300
133 134
133 135
133 136
133 137
133 138
133 139
133 140
133 141
133 142
133 143
133 144
133 145
133 146
133 147
133 148
133 149
133 150
133 151
133 152
133 153
133 154
133 155
133 156
133 157
133 158
133 159
133 160
133 161
133 162
133 167
133 170
133 174
133 176
133 185
133 186
133 190
133 194
133 196
133 199
133 202
133 204
133 205
133 206
133 215
133 217
133 224
133 227
133 233
133 236
133 240
133 243
133 249
133 251
133 256
133 264
133 269
133 274
133 275
133 276
133 278
133 279
133 283
133 291
133 299
133 300
134 136
134 137
134 138
134 139
134 140
134 141
134 142
134 143
134 144
134 145
134 146
134 147
134 148
134 150
134 151
134 152
134 153
134 154
134 155
134 156
134 157
134 158
134 159
134 160
134 161
134 162
134 174
134 175
134 176
134 177
134 179
134 180
134 184
134 188
134 190
134 193
134 195
134 199
134 202
134 209
134 211
134 215
134 217
134 221
134 222
134 224
134 227
134 236
134 240
134 246
134 249
134 250
134 256
134 260
134 269
134 273
134 276
134 278
134 286
134 288
134 290
134 292
134 299
134 300
135 136
135 137
135 138
135 139
135 140
135 141
135 142
135 143
135 144
135 145
135 146
135 147
135 148
135 150
135 151
135 152
135 153
135 154
135 155
135 156
135 157
135 158
135 159
135 160
135 161
135 162
135 186
135 189
135 194
135 199
135 205
135 206
135 209
135 211
135 217
135 222
135 225
135 240
135 244
135 250
135 267
135 269
135 276
135 278
135 284
135 295
135 297
135 299
135 300
136 140
136 145
136 146
136 148
136 149
136 151
136 152
136 153
136 154
136 156
136 157
136 160
136 161
136 190
136 199
136 206
136 209
136 211
136 217
136 222
136 236
136 240
136 251
136 292
136 294
136 297
136 299
136 300
137 140
137 145
137 146
137 148
137 149
137 151
137 152
137 153
137 154
137 156
137 157
137 159
137 160
137 161
137 170
137 174
137 199
137 209
137 211
137 217
137 222
137 240
137 269
137 278
137 283
137 295
137 299
138 140
138 145
138 146
138 148
138 149
138 151
138 152
138 153
138 154
138 156
138 157
138 159
138 160
138 161
138 174
138 176
138 186
138 209
138 211
138 217
138 222
138 227
138 236
138 238
138 240
138 269
138 278
138 291
138 296
138 300
139 140
139 145
139 146
139 148
139 149
139 151
139 152
139 153
139 154
139 156
139 157
139 159
139 160
139 161
139 177
139 179
139 180
139 184
139 188
139 193
139 195
139 199
139 206
139 209
139 217
139 221
139 222
139 236
139 238
139 240
139 246
139 249
139 250
139 256
139 260
139 288
140 141
140 142
140 143
140 144
140 145
140 146
140 147
140 148
140 149
140 150
140 151
140 152
140 153
140 154
140 155
140 156
140 157
140 158
140 159
140 160
140 161
140 162
140 186
140 194
140 209
140 211
140 217
140 222
140 240
140 244
140 267
140 269
140 299
141 145
141 146
141 148
141 149
141 151
141 152
141 153
141 154
141 156
141 157
141 159
141 160
141 161
141 186
141 190
141 199
141 206
141 209
141 217
141 222
141 235
141 236
141 240
141 251
141 293
141 299
142 145
142 146
142 148
142 149
142 151
142 152
142 153
142 154
142 156
142 157
142 159
142 160
142 161
142 183
142 184
142 190
142 199
142 206
142 209
142 211
142 217
142 222
142 236
142 238
142 240
142 251
142 269
142 275
143 145
143 146
143 148
143 149
143 151
143 152
143 153
143 154
143 156
143 157
143 159
143 160
143 161
143 174
143 176
143 180
143 199
143 206
143 209
143 217
143 222
143 224
143 227
143 236
143 238
143 240
143 291
143 292
143 297
143 299
143 300
144 145
144 146
144 148
144 149
144 151
144 152
144 153
144 156
144 157
144 159
144 160
144 161
144 181
144 186
144 190
144 199
144 206
144 209
144 211
144 217
144 222
144 240
144 251
144 278
144 292
144 297
144 299
144 300
145 146
145 147
145 148
145 149
145 150
145 152
145 153
145 154
145 155
145 156
145 158
145 159
145 160
145 162
145 163
145 164
145 165
145 166
145 167
145 168
145 169
145 170
145 171
145 173
145 174
145 178
145 179
145 181
145 182
145 183
145 185
145 186
145 187
145 189
145 191
145 192
145 196
145 197
145 198
145 199
145 200
145 201
145 203
145 204
145 205
145 206
145 207
145 208
145 210
145 212
145 213
145 214
145 215
145 216
145 218
145 219
145 220
145 222
145 223
145 224
145 225
145 226
145 227
145 229
145 230
145 231
145 232
145 234
145 235
145 236
145 237
145 238
145 239
145 242
145 243
145 244
145 245
145 247
145 248
145 251
145 252
145 253
145 254
145 255
145 256
145 257
145 258
145 259
145 260
145 261
145 262
145 263
145 264
145 265
145 266
145 267
145 268
145 269
145 270
145 271
145 272
145 274
145 275
145 276
145 277
145 278
145 279
145 280
145 281
145 283
145 284
145 285
145 286
145 287
145 290
145 291
145 293
146 147
146 148
146 149
146 150
146 151
146 152
146 153
146 154
146 155
146 156
146 157
146 158
146 159
146 160
146 161
146 162
146 176
146 185
146 186
146 199
146 205
146 206
146 211
146 215
146 217
146 222
146 224
146 227
146 236
146 251
146 269
146 276
146 278
146 283
146 295
146 296
146 299
147 148
147 149
147 151
147 152
147 153
147 154
147 156
147 157
147 159
147 160
147 161
147 167
147 170
147 175
147 177
147 179
147 184
147 188
147 193
147 195
147 199
147 209
147 211
147 217
147 221
147 222
147 231
147 236
147 240
147 246
147 249
147 250
147 256
147 260
147 269
147 273
147 288
147 290
147 293
148 149
148 150
148 151
148 153
148 155
148 156
148 157
148 158
148 159
148 161
148 162
148 167
148 168
148 170
148 174
148 175
148 182
148 183
148 184
148 186
148 187
148 189
148 190
148 191
148 193
148 194
148 196
148 198
148 199
148 201
148 202
148 204
148 205
148 206
148 208
148 209
148 210
148 211
148 213
148 215
148 216
148 217
148 218
148 222
148 223
148 227
148 232
148 233
148 236
148 238
148 240
148 241
148 243
148 244
148 248
148 251
148 253
148 254
148 256
148 260
148 261
148 264
148 267
148 268
148 269
148 274
148 276
148 278
148 279
148 280
148 283
148 285
148 286
148 299
149 150
149 151
149 152
149 153
149 154
149 155
149 156
149 157
149 158
149 160
149 161
149 162
149 174
149 176
149 190
149 196
149 199
149 202
149 206
149 209
149 211
149 215
149 217
149 222
149 224
149 227
149 236
149 240
149 275
149 279
149 299
149 300
150 151
150 152
150 153
150 154
150 156
150 157
150 159
150 160
150 161
150 186
150 190
150 196
150 199
150 206
150 209
150 211
150 217
150 222
150 235
150 236
150 240
150 299
151 152
151 153
151 154
151 155
151 156
151 158
151 159
151 160
151 162
151 163
151 164
151 165
151 166
151 167
151 168
151 169
151 171
151 172
151 173
151 174
151 175
151 176
151 177
151 178
151 179
151 181
151 182
151 183
151 184
151 185
151 187
151 188
151 191
151 192
151 193
151 194
151 195
151 196
151 197
151 198
151 201
151 203
151 204
151 207
151 208
151 210
151 212
151 213
151 214
151 215
151 216
151 218
151 219
151 220
151 221
151 222
151 224
151 226
151 227
151 228
151 229
151 230
151 231
151 232
151 234
151 235
151 236
151 237
151 238
151 239
151 242
151 243
151 245
151 246
151 247
151 248
151 249
151 250
151 252
151 253
151 254
151 255
151 256
151 257
151 258
151 259
151 260
151 261
151 262
151 263
151 264
151 265
151 266
151 267
151 268
151 272
151 273
151 274
151 275
151 276
151 277
151 279
151 280
151 281
151 285
151 286
151 287
151 288
151 290
151 291
151 296
152 153
152 154
152 155
152 156
152 157
152 158
152 161
152 162
152 166
152 167
152 168
152 170
152 174
152 176
152 180
152 183
152 184
152 185
152 187
152 189
152 190
152 194
152 196
152 199
152 202
152 204
152 205
152 206
152 209
152 211
152 213
152 214
152 215
152 217
152 218
152 220
152 222
152 224
152 227
152 232
152 233
152 235
152 236
152 238
152 240
152 241
152 249
152 251
152 255
152 256
152 260
152 264
152 267
152 269
152 274
152 275
152 276
152 282
152 283
152 289
152 295
152 296
152 298
152 299
152 300
153 154
153 155
153 156
153 157
153 158
153 159
153 160
153 161
153 162
153 167
153 174
153 176
153 180
153 184
153 185
153 186
153 190
153 194
153 196
153 198
153 199
153 202
153 204
153 205
153 206
153 213
153 214
153 215
153 224
153 227
153 233
153 235
153 236
153 238
153 249
153 251
153 256
153 260
153 269
153 272
153 274
153 278
153 280
153 283
153 291
153 292
153 293
153 295
153 296
153 297
153 298
153 299
153 300
154 155
154 157
154 158
154 159
154 161
154 162
154 175
154 177
154 179
154 180
154 184
154 186
154 188
154 189
154 193
154 194
154 195
154 199
154 207
154 221
154 223
154 229
154 231
154 244
154 246
154 247
154 249
154 250
154 256
154 269
154 276
154 284
154 286
154 296
154 298
154 299
155 156
155 157
155 159
155 160
155 161
155 174
155 180
155 184
155 185
155 186
155 198
155 199
155 202
155 211
155 217
155 222
155 224
155 227
155 236
155 238
155 253
155 267
155 269
155 276
155 291
155 299
156 157
156 158
156 159
156 160
156 161
156 162
156 186
156 196
156 199
156 206
156 209
156 217
156 222
156 236
156 240
156 251
156 292
156 293
156 296
156 299
157 158
157 159
157 160
157 162
157 163
157 164
157 165
157 166
157 167
157 168
157 169
157 170
157 171
157 172
157 173
157 175
157 177
157 178
157 179
157 181
157 182
157 183
157 184
157 187
157 188
157 191
157 192
157 193
157 194
157 195
157 196
157 197
157 198
157 199
157 200
157 201
157 203
157 204
157 205
157 206
157 208
157 210
157 211
157 212
157 213
157 214
157 216
157 218
157 219
157 220
157 221
157 222
157 225
157 228
157 229
157 230
157 231
157 232
157 233
157 234
157 235
157 237
157 238
157 239
157 242
157 245
157 246
157 247
157 248
157 249
157 250
157 251
157 252
157 253
157 254
157 256
157 257
157 258
157 259
157 261
157 262
157 263
157 264
157 265
157 266
157 268
157 270
157 271
157 272
157 273
157 274
157 275
157 277
157 279
157 280
157 281
157 283
157 284
157 285
157 286
157 287
157 288
157 290
157 295
157 296
157 299
157 300
158 159
158 160
158 161
158 190
158 199
158 209
158 217
158 220
158 222
158 240
158 299
159 161
159 162
159 195
159 199
159 207
159 238
159 247
159 250
159 273
159 293
159 296
159 299
160 161
160 162
160 170
160 171
160 172
160 173
160 174
160 175
160 176
160 178
160 181
160 183
160 185
160 186
160 187
160 189
160 190
160 191
160 192
160 193
160 197
160 198
160 199
160 200
160 202
160 205
160 206
160 209
160 211
160 214
160 215
160 216
160 217
160 218
160 222
160 223
160 224
160 225
160 227
160 228
160 236
160 237
160 238
160 239
160 240
160 243
160 244
160 248
160 251
160 252
160 254
160 256
160 257
160 258
160 259
160 260
160 262
160 263
160 267
160 268
160 269
160 272
160 273
160 275
160 276
160 278
160 279
160 280
160 281
160 283
160 289
160 290
160 291
160 294
160 295
160 296
160 299
160 300
161 162
161 163
161 164
161 165
161 166
161 169
161 171
161 172
161 173
161 174
161 175
161 176
161 177
161 178
161 179
161 181
161 182
161 183
161 184
161 187
161 188
161 190
161 191
161 192
161 194
161 195
161 197
161 198
161 200
161 201
161 202
161 203
161 207
161 208
161 210
161 212
161 213
161 215
161 216
161 217
161 218
161 219
161 220
161 221
161 224
161 226
161 228
161 229
161 230
161 231
161 234
161 237
161 239
161 240
161 242
161 243
161 244
161 245
161 246
161 247
161 248
161 250
161 253
161 254
161 255
161 256
161 257
161 258
161 259
161 261
161 262
161 263
161 265
161 266
161 267
161 268
161 270
161 271
161 273
161 276
161 279
161 280
161 281
161 284
161 285
161 286
161 287
161 288
161 290
161 291
161 292
161 293
161 294
161 295
161 297
161 298
161 299
161 300
162 168
162 174
162 176
162 183
162 190
162 196
162 199
162 202
162 206
162 209
162 211
162 215
162 217
162 222
162 224
162 227
162 236
162 238
162 240
162 243
162 251
162 275
162 279
162 300
163 174
163 190
163 194
163 202
163 222
163 241
163 260
163 282
163 289
163 291
164 174
164 190
164 194
164 202
164 211
164 241
164 260
164 282
164 289
164 291
164 298
165 174
165 190
165 194
165 203
165 211
165 224
165 241
165 260
165 282
165 289
165 291
165 295
165 298
166 174
166 180
166 190
166 194
166 202
166 211
166 222
166 241
166 260
166 282
166 289
166 291
166 298
167 190
167 194
167 198
167 200
167 202
167 203
167 211
167 224
167 241
167 256
167 260
167 276
167 282
167 289
167 291
167 298
168 178
168 180
168 190
168 194
168 202
168 211
168 222
168 241
168 260
168 282
168 289
168 292
168 295
168 296
168 298
168 299
168 300
169 190
169 194
169 198
169 202
169 211
169 241
169 260
169 282
169 289
169 291
170 180
170 190
170 194
170 202
170 211
170 222
170 241
170 260
170 282
170 289
170 291
170 298
170 299
170 300
171 180
171 190
171 194
171 202
171 241
171 260
171 264
171 282
171 289
171 290
171 291
171 295
171 296
171 299
172 190
172 194
172 202
172 211
172 222
172 241
172 260
172 264
172 278
172 282
172 289
172 291
172 295
173 180
173 190
173 194
173 202
173 211
173 222
173 241
173 260
173 282
173 289
173 291
174 179
174 184
174 190
174 195
174 202
174 207
174 211
174 212
174 222
174 226
174 229
174 230
174 231
174 232
174 233
174 234
174 241
174 242
174 246
174 247
174 255
174 258
174 259
174 263
174 264
174 265
174 267
174 270
174 274
174 277
174 284
174 285
174 286
174 287
174 288
174 289
174 291
174 296
174 299
174 300
175 180
175 190
175 194
175 202
175 222
175 241
175 260
175 264
175 278
175 282
175 289
175 293
175 298
175 299
176 180
176 190
176 194
176 202
176 211
176 241
176 260
176 278
176 282
176 289
176 291
176 296
176 299
176 300
177 180
177 190
177 194
177 202
177 211
177 241
177 260
177 282
177 289
177 291
177 298
178 184
178 190
178 194
178 202
178 211
178 222
178 231
178 240
178 241
178 250
178 273
178 282
178 285
178 289
178 292
178 294
178 296
178 297
178 299
179 180
179 190
179 194
179 202
179 222
179 241
179 260
179 269
179 278
179 282
179 289
179 291
179 298
180 183
180 184
180 185
180 186
180 187
180 188
180 190
180 191
180 192
180 193
180 195
180 196
180 198
180 199
180 200
180 202
180 205
180 206
180 207
180 212
180 214
180 215
180 216
180 218
180 220
180 221
180 223
180 224
180 227
180 228
180 229
180 231
180 235
180 236
180 238
180 243
180 245
180 246
180 247
180 248
180 249
180 250
180 251
180 252
180 253
180 254
180 255
180 256
180 257
180 258
180 260
180 262
180 266
180 268
180 269
180 272
180 273
180 275
180 279
180 280
180 281
180 283
180 286
180 287
180 288
180 289
180 290
180 299
180 300
181 190
181 194
181 202
181 211
181 222
181 241
181 260
181 264
181 282
181 289
181 292
181 296
181 297
181 300
182 190
182 194
182 202
182 211
182 222
182 241
182 260
182 282
182 289
182 291
182 298
183 190
183 194
183 202
183 222
183 241
183 260
183 278
183 282
183 289
183 291
183 299
184 185
184 190
184 192
184 202
184 203
184 209
184 235
184 241
184 258
184 259
184 260
184 282
184 291
184 293
184 298
184 299
185 190
185 194
185 202
185 222
185 241
185 260
185 264
185 282
185 289
185 291
185 299
186 190
186 194
186 202
186 211
186 222
186 241
186 260
186 282
186 289
186 291
186 295
186 299
186 300
187 190
187 194
187 202
187 209
187 222
187 231
187 241
187 260
187 272
187 282
187 286
187 289
187 291
187 297
187 299
188 190
188 194
188 202
188 211
188 222
188 241
188 260
188 282
188 289
188 291
188 298
189 190
189 194
189 202
189 211
189 222
189 241
189 260
189 282
189 289
189 291
189 298
190 191
190 192
190 193
190 194
190 195
190 196
190 197
190 198
190 199
190 200
190 201
190 202
190 203
190 204
190 205
190 206
190 207
190 208
190 209
190 210
190 211
190 212
190 213
190 214
190 215
190 216
190 217
190 218
190 219
190 220
190 221
190 222
190 223
190 224
190 225
190 226
190 227
190 228
190 229
190 230
190 231
190 232
190 233
190 234
190 235
190 236
190 237
190 238
190 239
190 240
190 241
190 242
190 243
190 244
190 245
190 246
190 247
190 248
190 249
190 250
190 251
190 252
190 253
190 254
190 255
190 256
190 257
190 258
190 259
190 261
190 262
190 263
190 264
190 265
190 266
190 267
190 268
190 269
190 270
190 271
190 272
190 273
190 274
190 275
190 276
190 277
190 278
190 279
190 280
190 281
190 282
190 283
190 284
190 285
190 286
190 287
190 288
190 289
190 290
190 291
190 299
191 194
191 202
191 211
191 222
191 230
191 241
191 260
191 264
191 278
191 282
191 289
191 291
191 299
192 194
192 202
192 211
192 222
192 241
192 260
192 282
192 289
192 291
193 202
193 211
193 222
193 230
193 233
193 241
193 260
193 282
193 289
193 291
193 293
193 298
193 299
194 195
194 196
194 197
194 198
194 199
194 200
194 201
194 202
194 203
194 204
194 205
194 206
194 207
194 208
194 209
194 210
194 212
194 213
194 214
194 215
194 216
194 217
194 218
194 220
194 221
194 222
194 223
194 224
194 225
194 226
194 227
194 228
194 229
194 230
194 232
194 233
194 234
194 235
194 236
194 238
194 239
194 241
194 242
194 243
194 244
194 245
194 246
194 247
194 248
194 249
194 250
194 251
194 252
194 253
194 254
194 255
194 257
194 258
194 259
194 260
194 261
194 262
194 264
194 265
194 266
194 267
194 269
194 270
194 271
194 272
194 273
194 274
194 275
194 276
194 277
194 278
194 279
194 280
194 281
194 282
194 283
194 284
194 285
194 286
194 287
194 288
194 289
194 290
194 299
195 202
195 241
195 260
195 282
195 289
195 291
195 298
196 202
196 211
196 222
196 241
196 260
196 282
196 289
196 291
196 298
196 299
197 202
197 211
197 222
197 241
197 260
197 282
197 289
197 291
197 298
198 202
198 207
198 211
198 217
198 222
198 241
198 246
198 260
198 264
198 282
198 284
198 289
198 294
198 295
198 297
198 298
198 299
198 300
199 202
199 211
199 222
199 230
199 241
199 260
199 282
199 289
199 292
199 294
199 295
199 297
199 299
200 202
200 211
200 222
200 241
200 282
200 289
200 291
201 202
201 211
201 222
201 241
201 260
201 282
201 289
201 298
202 203
202 204
202 205
202 206
202 207
202 208
202 209
202 210
202 212
202 213
202 214
202 215
202 216
202 217
202 218
202 220
202 221
202 222
202 223
202 224
202 225
202 226
202 227
202 228
202 229
202 230
202 233
202 234
202 235
202 236
202 237
202 238
202 239
202 240
202 242
202 243
202 244
202 245
202 246
202 247
202 248
202 249
202 250
202 251
202 252
202 253
202 254
202 255
202 256
202 257
202 258
202 259
202 260
202 261
202 262
202 264
202 265
202 266
202 267
202 268
202 269
202 270
202 271
202 272
202 273
202 274
202 275
202 276
202 278
202 279
202 280
202 281
202 282
202 283
202 284
202 287
202 288
202 289
202 290
202 295
202 296
202 297
202 299
203 211
203 222
203 241
203 246
203 267
203 282
203 289
203 291
204 211
204 222
204 241
204 260
204 282
204 289
204 291
204 298
205 211
205 222
205 241
205 260
205 282
205 289
205 291
205 299
206 222
206 241
206 260
206 282
206 289
206 298
206 299
207 211
207 241
207 260
207 276
207 282
207 289
207 291
207 298
208 211
208 222
208 241
208 260
208 282
208 289
208 291
209 211
209 222
209 224
209 230
209 241
209 260
209 264
209 267
209 282
209 288
209 289
209 291
210 211
210 222
210 241
210 260
210 282
210 289
210 291
210 298
211 212
211 213
211 214
211 215
211 216
211 217
211 219
211 221
211 222
211 223
211 224
211 225
211 226
211 227
211 228
211 229
211 230
211 231
211 232
211 235
211 237
211 238
211 240
211 241
211 242
211 243
211 244
211 245
211 247
211 248
211 249
211 251
211 252
211 253
211 254
211 255
211 258
211 259
211 261
211 262
211 264
211 265
211 266
211 268
211 269
211 270
211 271
211 272
211 274
211 276
211 277
211 278
211 279
211 280
211 283
211 284
211 285
211 286
211 287
211 288
211 289
211 290
212 222
212 241
212 260
212 282
212 289
212 291
213 222
213 241
213 260
213 282
213 289
213 291
214 222
214 240
214 241
214 260
214 263
214 282
214 289
214 291
214 295
214 298
215 222
215 241
215 260
215 269
215 282
215 288
215 289
215 291
215 299
215 300
216 222
216 241
216 260
216 282
216 289
216 291
216 298
216 299
217 222
217 241
217 260
217 264
217 269
217 282
217 288
217 289
217 290
217 291
218 222
218 241
218 260
218 278
218 282
218 289
218 291
218 299
219 222
219 224
219 230
219 241
219 247
219 260
219 282
219 289
219 291
220 241
220 260
220 264
220 278
220 282
220 289
220 290
220 291
220 299
221 222
221 241
221 260
221 267
221 282
221 289
221 291
221 298
222 223
222 224
222 226
222 227
222 228
222 231
222 232
222 233
222 234
222 235
222 237
222 238
222 239
222 240
222 241
222 242
222 243
222 244
222 245
222 247
222 248
222 249
222 251
222 252
222 253
222 254
222 255
222 256
222 257
222 258
222 259
222 261
222 262
222 265
222 266
222 268
222 270
222 271
222 274
222 275
222 276
222 277
222 278
222 279
222 280
222 282
222 283
222 286
222 287
222 288
222 289
222 290
222 299
223 241
223 260
223 282
223 289
223 291
223 298
224 241
224 246
224 260
224 282
224 285
224 289
224 291
224 295
224 296
224 299
224 300
225 241
225 260
225 282
225 289
225 291
225 293
225 295
225 296
225 299
225 300
226 241
226 260
226 278
226 282
226 289
226 291
227 241
227 260
227 282
227 287
227 288
227 289
227 291
227 299
227 300
228 241
228 260
228 264
228 282
228 289
228 291
229 241
229 260
229 278
229 282
229 289
229 291
229 298
230 240
230 241
230 260
230 282
230 289
230 291
230 298
231 241
231 260
231 264
231 278
231 282
231 289
231 291
231 298
232 241
232 260
232 282
232 289
232 291
233 240
233 241
233 256
233 260
233 268
233 282
233 289
233 291
234 241
234 260
234 278
234 282
234 289
234 297
235 241
235 260
235 267
235 282
235 289
235 291
235 292
235 297
235 298
235 299
236 241
236 260
236 282
236 287
236 289
236 291
236 299
236 300
237 241
237 260
237 282
237 289
237 291
237 294
237 300
238 241
238 282
238 289
238 294
238 295
238 298
238 299
238 300
239 241
239 260
239 282
239 289
239 291
239 294
240 241
240 247
240 260
240 264
240 269
240 278
240 282
240 288
240 289
240 290
240 291
240 299
240 300
241 242
241 243
241 244
241 245
241 246
241 247
241 248
241 249
241 250
241 251
241 252
241 253
241 254
241 255
241 256
241 257
241 258
241 259
241 260
241 261
241 262
241 263
241 264
241 265
241 266
241 267
241 268
241 269
241 270
241 271
241 272
241 273
241 274
241 275
241 276
241 277
241 278
241 279
241 280
241 281
241 282
241 283
241 284
241 285
241 286
241 287
241 288
241 289
241 290
241 298
241 300
242 260
242 282
242 289
242 291
242 295
242 298
243 260
243 282
243 289
243 291
243 300
244 260
244 282
244 289
244 291
244 298
245 260
245 282
245 288
245 289
245 291
246 260
246 268
246 276
246 282
246 287
246 289
246 291
246 298
247 260
247 263
247 282
247 289
247 291
247 298
248 282
248 289
248 291
248 298
248 299
249 260
249 282
249 289
249 291
249 293
249 298
250 260
250 282
250 289
250 291
250 298
251 260
251 282
251 285
251 289
251 292
251 294
251 297
251 299
252 260
252 278
252 282
252 289
252 291
252 299
253 260
253 282
253 289
253 291
254 260
254 264
254 282
254 289
254 291
254 299
255 260
255 282
255 289
255 291
255 298
256 260
256 263
256 264
256 278
256 282
256 285
256 289
256 291
256 293
256 295
256 298
256 299
256 300
257 260
257 264
257 278
257 282
257 289
257 294
257 295
257 299
258 282
258 289
258 291
259 260
259 278
259 282
259 285
259 289
260 261
260 262
260 263
260 264
260 265
260 266
260 267
260 268
260 269
260 270
260 271
260 272
260 273
260 274
260 275
260 276
260 277
260 279
260 280
260 281
260 282
260 283
260 284
260 285
260 286
260 287
260 288
260 289
260 290
260 293
260 295
260 298
260 299
261 282
261 287
261 289
261 291
261 298
262 282
262 289
262 291
263 282
263 283
263 289
263 292
263 293
263 294
263 295
263 296
263 297
263 299
264 268
264 271
264 279
264 280
264 282
264 289
264 291
264 298
264 299
265 278
265 282
265 289
265 291
266 282
266 289
266 291
267 282
267 290
267 291
267 292
267 293
267 294
267 295
267 297
267 299
268 278
268 282
268 289
268 291
268 299
269 282
269 289
269 292
269 294
269 295
269 297
269 299
270 282
270 289
270 291
271 278
271 282
271 289
271 291
272 282
272 289
272 291
272 295
273 278
273 282
273 289
273 291
273 293
273 298
273 299
274 282
274 289
274 291
275 278
275 282
275 289
275 291
275 297
275 299
276 282
276 289
276 300
277 282
277 288
277 289
277 291
277 295
278 280
278 281
278 282
278 284
278 287
278 288
278 289
278 295
278 298
278 299
278 300
279 282
279 289
279 291
279 297
279 299
279 300
280 282
280 289
280 291
280 299
281 282
281 289
281 290
281 296
281 297
281 299
282 283
282 284
282 285
282 286
282 287
282 288
282 289
282 290
282 298
283 289
283 291
283 295
283 297
283 298
283 299
284 289
284 291
285 288
285 289
285 291
286 291
286 298
287 289
287 291
288 289
288 291
288 293
288 298
289 290
290 291
290 298
291 292
291 293
291 294
291 295
291 296
291 297
291 298
291 299
291 300
292 294
292 295
292 297
292 298
292 299
292 300
293 294
293 295
293 297
293 298
293 299
293 300
294 295
294 296
294 297
294 298
294 299
294 300
295 296
295 298
295 299
295 300
296 297
296 298
296 299
296 300
297 298
297 299
297 300
298 299
298 300
299 300
