heur051_n_300_m_20122
1 291
1 294
1 297
2 180
2 224
2 275
2 289
2 298
3 152
3 154
3 157
3 158
3 162
3 171
3 175
3 176
3 184
3 185
3 186
3 188
3 190
3 195
3 200
3 206
3 213
3 219
3 220
3 229
3 232
3 234
3 237
3 242
3 243
3 252
3 260
3 263
3 265
3 267
3 280
3 281
3 283
3 285
3 291
4 180
4 242
4 284
4 298
5 206
5 276
5 280
5 289
5 291
5 297
5 298
6 180
6 270
6 280
6 291
6 297
7 180
7 291
7 297
8 270
8 286
8 289
8 291
8 297
8 298
9 270
9 280
9 291
9 297
10 180
10 224
10 270
10 280
10 291
10 297
11 104
11 154
11 163
11 171
11 186
11 213
11 267
11 275
11 280
11 286
11 291
12 180
12 185
12 197
12 207
12 229
12 269
12 275
12 278
12 291
12 300
13 155
13 213
13 224
13 229
13 237
13 254
13 267
13 291
13 298
14 180
14 270
14 286
14 289
14 291
14 298
14 300
15 206
15 260
15 280
15 284
15 291
16 180
16 270
16 286
16 291
16 297
16 300
17 275
17 279
17 286
17 289
17 294
17 298
18 111
18 146
18 185
18 201
18 206
18 208
18 220
18 229
18 234
18 237
18 243
18 254
18 260
18 265
18 266
18 268
18 269
18 275
18 278
18 283
18 289
18 291
18 294
18 300
19 59
19 93
19 143
19 180
19 268
19 270
19 272
19 275
19 285
19 286
19 287
19 288
19 289
19 291
19 293
19 294
19 298
19 300
20 176
20 180
20 183
20 184
20 218
20 224
20 241
20 278
20 280
20 283
20 290
20 291
20 295
20 297
21 35
21 234
21 237
21 270
21 280
21 291
21 294
22 154
22 186
22 269
22 281
22 291
22 298
23 180
23 289
23 291
23 298
24 115
24 154
24 186
24 229
24 260
24 280
24 289
24 291
25 184
25 206
25 234
25 270
25 272
25 291
25 295
25 297
26 180
26 275
26 280
26 291
26 297
26 298
26 300
27 180
27 280
27 284
28 180
28 275
28 291
28 294
28 297
28 300
29 206
29 242
29 260
29 281
29 291
30 111
30 224
30 267
30 269
30 272
30 275
30 280
30 291
30 294
30 295
30 300
31 154
31 180
31 185
31 234
31 270
31 280
31 281
31 291
32 148
32 154
32 164
32 166
32 169
32 171
32 184
32 185
32 186
32 187
32 190
32 192
32 199
32 202
32 208
32 214
32 221
32 224
32 225
32 226
32 229
32 242
32 243
32 255
32 258
32 260
32 262
32 267
32 289
32 291
32 298
33 104
33 132
33 144
33 146
33 147
33 148
33 150
33 151
33 154
33 155
33 158
33 162
33 163
33 164
33 165
33 166
33 167
33 168
33 169
33 171
33 172
33 175
33 176
33 179
33 180
33 182
33 183
33 184
33 185
33 186
33 187
33 189
33 190
33 194
33 195
33 196
33 197
33 198
33 200
33 202
33 205
33 208
33 209
33 210
33 211
33 212
33 215
33 216
33 218
33 219
33 221
33 226
33 227
33 229
33 230
33 233
33 236
33 238
33 240
33 242
33 245
33 247
33 250
33 253
33 256
33 257
33 258
33 259
33 260
33 266
33 267
33 291
34 154
34 186
34 229
34 278
34 286
34 291
35 72
35 111
35 115
35 132
35 202
35 206
35 268
35 269
35 271
35 276
35 280
35 283
35 285
35 286
35 287
35 288
35 289
35 291
35 293
35 295
35 296
35 298
35 300
36 104
36 115
36 154
36 176
36 184
36 201
36 203
36 206
36 208
36 213
36 220
36 229
36 230
36 234
36 242
36 243
36 252
36 254
36 258
36 260
36 265
36 266
36 270
36 280
36 291
36 297
37 55
37 59
37 180
37 280
37 291
38 115
38 180
38 268
38 280
38 283
38 284
38 288
38 289
38 293
38 298
38 300
39 115
39 280
39 284
39 291
39 297
40 268
40 277
40 279
40 281
40 285
40 287
40 288
40 289
40 291
40 298
40 299
40 300
41 201
41 254
41 275
41 285
41 286
41 287
41 289
41 291
41 294
41 297
41 300
42 154
42 280
42 291
42 297
43 154
43 157
43 171
43 186
43 206
43 229
43 242
43 280
43 284
43 289
43 291
44 115
44 180
44 206
44 260
44 270
44 280
44 291
45 260
45 280
45 284
45 291
45 297
46 176
46 283
46 291
46 298
47 273
47 275
47 279
47 286
47 289
47 290
47 291
47 294
47 298
47 299
47 300
48 291
49 185
49 206
49 242
49 267
49 269
49 278
49 280
49 281
49 291
50 72
50 111
50 115
50 132
50 180
50 268
50 272
50 280
50 282
50 283
50 284
50 285
50 286
50 287
50 288
50 289
50 291
50 293
50 298
50 300
51 59
51 115
51 176
51 192
51 270
51 280
51 284
51 291
51 294
51 295
51 297
52 270
52 289
52 291
52 298
53 180
53 275
53 286
53 289
53 298
53 300
54 154
54 180
54 270
54 280
54 286
54 289
54 291
54 297
54 298
55 72
55 83
55 93
55 115
55 143
55 148
55 152
55 153
55 154
55 156
55 157
55 158
55 159
55 162
55 171
55 174
55 175
55 179
55 183
55 184
55 188
55 190
55 193
55 195
55 198
55 200
55 201
55 207
55 212
55 214
55 215
55 218
55 220
55 224
55 234
55 236
55 237
55 243
55 247
55 251
55 252
55 253
55 254
55 264
55 265
55 269
55 280
55 281
55 284
55 288
55 291
55 293
56 180
56 270
56 280
56 291
56 297
57 206
57 242
57 260
57 280
57 288
57 291
58 180
58 275
58 291
58 294
58 300
59 66
59 73
59 105
59 107
59 120
59 154
59 180
59 185
59 213
59 270
59 275
59 280
59 291
59 294
59 297
59 300
60 186
60 269
60 270
60 275
60 288
60 291
60 294
60 297
60 300
61 269
61 291
62 275
62 279
62 286
62 289
62 297
62 298
63 185
63 267
63 268
63 269
63 275
63 278
63 281
63 283
63 286
63 291
63 293
63 294
63 298
63 300
64 180
64 224
64 289
64 291
64 295
64 297
64 298
65 138
65 180
65 294
66 111
66 158
66 180
66 275
66 289
66 291
66 293
66 294
66 298
66 300
67 186
67 281
67 291
67 298
68 115
68 154
68 171
68 206
68 225
68 260
68 280
68 284
68 291
68 297
69 157
69 169
69 184
69 185
69 190
69 206
69 213
69 229
69 232
69 234
69 260
69 267
69 291
69 293
70 180
70 270
70 280
70 291
70 297
71 180
71 275
71 286
71 289
71 291
71 294
71 297
71 298
72 76
72 82
72 86
72 108
72 114
72 117
72 120
72 127
72 138
72 180
72 224
72 275
72 280
72 286
72 300
73 115
73 143
73 267
73 269
73 272
73 276
73 280
73 281
73 282
73 283
73 285
73 286
73 287
73 288
73 289
73 291
73 293
73 297
73 298
73 299
73 300
74 180
74 185
74 186
74 268
74 269
74 275
74 278
74 283
74 291
74 294
74 300
75 154
75 157
75 186
75 206
75 229
75 269
75 278
75 279
75 286
75 289
75 291
76 111
76 115
76 153
76 154
76 212
76 232
76 237
76 242
76 243
76 260
76 262
76 265
76 268
76 270
76 288
76 291
76 293
76 297
77 280
77 286
77 291
77 298
78 154
78 186
78 229
78 269
78 278
78 286
78 289
78 291
79 115
79 280
79 284
79 291
79 295
80 286
80 289
80 291
80 298
81 180
81 224
81 270
81 280
81 289
81 291
81 297
81 298
82 132
82 146
82 148
82 154
82 157
82 169
82 171
82 175
82 186
82 187
82 190
82 199
82 206
82 212
82 213
82 214
82 216
82 220
82 221
82 226
82 229
82 234
82 237
82 242
82 243
82 252
82 258
82 260
82 264
82 265
82 272
82 281
82 282
82 288
82 289
82 291
82 293
82 297
83 114
83 180
83 224
83 275
83 289
83 294
84 180
84 275
84 286
84 289
84 295
84 300
85 180
85 291
85 297
86 148
86 152
86 154
86 157
86 163
86 164
86 175
86 176
86 184
86 186
86 187
86 190
86 192
86 199
86 201
86 203
86 206
86 208
86 212
86 213
86 220
86 221
86 226
86 229
86 230
86 234
86 237
86 242
86 252
86 260
86 265
86 270
86 280
86 283
86 289
86 291
86 294
86 297
87 180
87 281
87 289
87 291
88 180
88 243
88 275
88 286
89 275
89 281
89 286
89 289
89 291
89 294
89 297
89 298
90 180
90 224
90 280
90 291
90 294
91 270
91 275
91 291
91 294
91 297
91 300
92 180
92 270
92 286
92 289
92 291
92 298
92 300
93 95
93 99
93 107
93 138
93 169
93 180
93 199
93 280
94 275
94 289
94 291
94 294
94 298
94 300
95 157
95 176
95 184
95 206
95 213
95 220
95 234
95 242
95 260
95 268
95 272
95 273
95 275
95 278
95 280
95 282
95 284
95 286
95 287
95 288
95 291
95 292
95 293
95 295
95 296
95 297
95 300
96 154
96 184
96 186
96 201
96 213
96 220
96 229
96 260
96 270
96 280
96 284
96 289
96 291
96 297
97 185
97 206
97 260
97 275
97 278
97 281
97 291
97 293
97 298
97 300
98 171
98 213
98 291
98 297
99 104
99 115
99 132
99 144
99 147
99 152
99 153
99 154
99 155
99 157
99 162
99 169
99 172
99 178
99 179
99 183
99 184
99 188
99 190
99 193
99 195
99 198
99 200
99 201
99 204
99 207
99 208
99 213
99 215
99 217
99 218
99 219
99 220
99 221
99 229
99 234
99 236
99 237
99 240
99 243
99 252
99 254
99 259
99 263
99 265
99 266
99 280
99 284
99 289
99 291
100 180
100 270
100 275
100 286
100 289
100 291
100 294
100 297
100 298
100 300
101 111
101 275
101 286
101 289
101 291
101 294
101 297
101 298
101 300
102 180
102 275
102 286
102 289
102 291
102 294
102 298
102 300
103 269
103 281
103 291
104 107
104 108
104 114
104 154
104 180
104 184
104 186
104 221
104 270
104 275
104 294
104 297
104 300
105 115
105 268
105 269
105 270
105 271
105 272
105 273
105 275
105 276
105 278
105 279
105 280
105 282
105 283
105 285
105 286
105 287
105 288
105 289
105 290
105 291
105 296
105 297
105 298
105 299
105 300
106 115
106 154
106 206
106 242
106 260
106 270
106 280
106 288
106 291
106 297
107 115
107 146
107 148
107 154
107 158
107 169
107 171
107 192
107 199
107 202
107 221
107 225
107 226
107 229
107 232
107 242
107 244
107 260
107 262
107 280
107 284
108 152
108 154
108 158
108 176
108 184
108 186
108 187
108 192
108 199
108 203
108 206
108 213
108 220
108 221
108 226
108 229
108 234
108 237
108 260
108 265
108 270
108 280
108 283
108 289
108 291
108 294
108 297
109 269
109 278
109 286
109 291
110 180
110 280
110 281
110 286
110 291
111 114
111 120
111 152
111 158
111 164
111 180
111 199
111 221
111 224
111 280
112 153
112 157
112 190
112 208
112 220
112 234
112 243
112 252
112 265
112 291
112 298
113 180
113 289
113 291
113 297
113 298
114 115
114 157
114 169
114 184
114 193
114 213
114 229
114 237
114 254
114 277
114 280
114 284
114 285
114 287
114 288
114 289
114 291
114 294
114 299
114 300
115 120
115 124
115 128
115 140
115 152
115 164
115 171
115 180
115 186
115 213
115 221
115 224
115 270
115 275
115 281
115 286
115 297
116 180
116 275
116 291
116 294
116 297
116 300
117 154
117 157
117 176
117 186
117 206
117 218
117 229
117 232
117 235
117 237
117 241
117 252
117 260
117 280
117 289
117 291
117 295
118 154
118 157
118 176
118 184
118 187
118 206
118 213
118 218
118 220
118 234
118 242
118 243
118 252
118 260
118 265
118 270
118 275
118 281
118 282
118 288
118 291
118 293
118 297
118 300
119 180
119 224
119 275
119 286
119 289
119 291
119 294
119 298
119 300
120 143
120 154
120 158
120 175
120 176
120 186
120 187
120 192
120 211
120 270
120 272
120 280
120 284
120 291
120 295
120 297
121 260
121 275
121 279
121 286
121 289
121 291
121 294
121 300
122 180
122 289
122 291
122 294
122 297
122 298
122 300
123 171
123 213
123 289
123 291
123 297
124 206
124 260
124 280
124 284
124 291
125 148
125 154
125 155
125 169
125 172
125 187
125 192
125 199
125 208
125 214
125 219
125 222
125 229
125 232
125 242
125 243
125 244
125 260
125 261
125 262
125 280
126 180
126 270
126 275
126 291
126 294
126 297
126 300
127 154
127 157
127 171
127 176
127 186
127 202
127 206
127 213
127 229
127 242
127 260
127 272
127 280
127 283
127 284
127 289
127 290
127 291
127 295
127 297
128 199
128 206
128 242
128 260
128 280
128 284
128 291
129 180
129 184
129 201
129 203
129 206
129 208
129 213
129 220
129 230
129 234
129 237
129 252
129 260
129 265
129 289
129 291
129 298
130 180
130 280
130 291
131 180
131 270
131 280
131 291
132 180
132 224
132 270
132 291
132 297
133 154
133 176
133 186
133 229
133 260
133 272
133 280
133 283
133 284
133 289
133 290
133 291
134 180
134 291
134 297
135 180
135 275
135 286
135 289
135 291
135 298
135 300
136 180
136 224
136 270
136 286
136 289
136 291
136 298
136 300
137 289
137 291
137 297
137 298
138 184
138 213
138 229
138 234
138 267
138 268
138 269
138 271
138 272
138 275
138 276
138 278
138 279
138 281
138 282
138 283
138 286
138 287
138 288
138 289
138 291
138 292
138 293
138 294
138 296
138 297
138 298
138 299
139 213
139 220
139 234
139 265
139 270
139 275
139 280
139 281
139 291
139 294
140 280
140 284
140 291
140 297
141 154
141 180
141 275
141 280
141 286
141 289
141 291
141 294
141 298
141 300
142 289
142 291
142 297
142 298
143 180
143 185
143 224
143 268
143 270
143 275
143 278
143 281
143 283
143 286
143 287
143 291
143 293
143 294
143 297
143 298
143 300
144 149
144 150
144 152
144 153
144 155
144 159
144 169
144 170
144 172
144 178
144 179
144 180
144 181
144 184
144 185
144 188
144 190
144 191
144 194
144 195
144 196
144 204
144 205
144 207
144 211
144 213
144 214
144 215
144 216
144 217
144 220
144 227
144 230
144 237
144 241
144 243
144 244
144 257
144 261
144 262
144 265
144 267
144 300
145 149
145 150
145 152
145 155
145 159
145 169
145 170
145 172
145 178
145 179
145 180
145 181
145 184
145 185
145 188
145 190
145 191
145 194
145 195
145 196
145 204
145 205
145 207
145 211
145 213
145 214
145 215
145 216
145 217
145 220
145 224
145 227
145 230
145 237
145 243
145 244
145 257
145 261
145 262
145 265
145 267
145 269
145 281
145 285
145 300
146 149
146 150
146 152
146 155
146 159
146 169
146 170
146 172
146 178
146 179
146 180
146 181
146 184
146 185
146 188
146 190
146 191
146 194
146 195
146 196
146 204
146 205
146 207
146 211
146 213
146 214
146 215
146 216
146 217
146 220
146 224
146 227
146 230
146 237
146 241
146 243
146 244
146 257
146 261
146 262
146 265
146 267
146 283
146 300
147 149
147 150
147 152
147 155
147 159
147 169
147 170
147 172
147 178
147 179
147 180
147 181
147 184
147 185
147 188
147 190
147 191
147 193
147 194
147 195
147 196
147 204
147 205
147 211
147 213
147 214
147 215
147 216
147 217
147 220
147 222
147 224
147 227
147 230
147 237
147 243
147 257
147 261
147 262
147 265
147 267
147 269
147 300
148 149
148 150
148 152
148 155
148 159
148 169
148 170
148 172
148 178
148 179
148 180
148 181
148 184
148 185
148 188
148 190
148 191
148 194
148 195
148 196
148 204
148 205
148 207
148 211
148 213
148 214
148 215
148 216
148 217
148 220
148 224
148 227
148 230
148 237
148 241
148 243
148 244
148 257
148 261
148 262
148 265
148 267
148 300
149 151
149 153
149 154
149 156
149 157
149 158
149 160
149 161
149 162
149 163
149 164
149 165
149 166
149 167
149 168
149 171
149 173
149 174
149 175
149 176
149 177
149 180
149 182
149 183
149 184
149 186
149 187
149 189
149 192
149 193
149 197
149 198
149 199
149 200
149 201
149 202
149 203
149 206
149 208
149 209
149 210
149 212
149 213
149 218
149 219
149 221
149 222
149 223
149 224
149 225
149 226
149 228
149 229
149 231
149 232
149 233
149 234
149 235
149 236
149 238
149 239
149 240
149 242
149 245
149 246
149 247
149 248
149 249
149 250
149 251
149 252
149 253
149 254
149 255
149 256
149 258
149 259
149 260
149 263
149 264
149 266
150 151
150 152
150 154
150 156
150 158
150 160
150 161
150 162
150 163
150 164
150 165
150 166
150 167
150 168
150 171
150 173
150 174
150 175
150 176
150 177
150 180
150 182
150 183
150 184
150 186
150 187
150 189
150 192
150 197
150 198
150 199
150 200
150 202
150 203
150 206
150 207
150 208
150 209
150 210
150 212
150 213
150 218
150 219
150 221
150 222
150 223
150 225
150 226
150 228
150 229
150 231
150 232
150 233
150 234
150 235
150 236
150 238
150 239
150 240
150 242
150 245
150 246
150 247
150 248
150 249
150 250
150 251
150 252
150 253
150 255
150 256
150 258
150 259
150 260
150 263
150 264
150 266
151 152
151 155
151 159
151 169
151 170
151 172
151 178
151 179
151 180
151 181
151 184
151 185
151 188
151 190
151 191
151 194
151 195
151 196
151 204
151 205
151 207
151 211
151 213
151 214
151 215
151 216
151 217
151 220
151 224
151 227
151 230
151 237
151 241
151 243
151 244
151 257
151 261
151 262
151 265
151 267
151 269
151 300
152 153
152 154
152 156
152 157
152 158
152 160
152 161
152 162
152 163
152 164
152 165
152 166
152 167
152 168
152 171
152 173
152 174
152 175
152 176
152 177
152 180
152 182
152 183
152 184
152 186
152 187
152 189
152 192
152 193
152 197
152 198
152 199
152 200
152 201
152 202
152 203
152 206
152 208
152 209
152 210
152 212
152 213
152 218
152 219
152 221
152 222
152 223
152 224
152 225
152 226
152 228
152 229
152 231
152 232
152 233
152 234
152 235
152 236
152 238
152 239
152 240
152 242
152 245
152 246
152 247
152 248
152 249
152 250
152 251
152 252
152 253
152 254
152 255
152 256
152 259
152 260
152 263
152 264
152 266
152 267
152 268
152 269
152 281
152 283
152 289
152 293
153 159
153 160
153 169
153 172
153 178
153 180
153 181
153 185
153 186
153 188
153 190
153 191
153 195
153 196
153 197
153 204
153 205
153 207
153 211
153 214
153 215
153 217
153 219
153 220
153 224
153 227
153 237
153 238
153 241
153 243
153 249
153 258
153 261
153 262
153 265
153 272
153 283
153 285
153 287
153 288
153 294
153 300
154 155
154 159
154 160
154 169
154 170
154 172
154 178
154 179
154 180
154 181
154 184
154 185
154 188
154 190
154 191
154 194
154 195
154 196
154 203
154 204
154 205
154 207
154 211
154 215
154 216
154 217
154 219
154 220
154 224
154 227
154 230
154 237
154 243
154 244
154 249
154 252
154 257
154 261
154 262
154 263
154 265
154 267
154 270
154 277
154 278
154 280
154 283
154 285
154 291
154 297
154 298
154 300
155 156
155 157
155 158
155 160
155 161
155 162
155 163
155 164
155 165
155 166
155 167
155 168
155 171
155 173
155 174
155 175
155 177
155 180
155 182
155 183
155 184
155 185
155 186
155 189
155 192
155 193
155 197
155 198
155 199
155 200
155 201
155 202
155 206
155 208
155 209
155 210
155 211
155 212
155 213
155 218
155 219
155 221
155 222
155 223
155 225
155 226
155 228
155 229
155 231
155 232
155 233
155 234
155 235
155 236
155 238
155 239
155 240
155 241
155 242
155 245
155 246
155 247
155 248
155 249
155 250
155 251
155 252
155 253
155 254
155 255
155 256
155 258
155 259
155 260
155 263
155 264
155 266
155 269
156 159
156 169
156 170
156 178
156 179
156 180
156 181
156 184
156 185
156 188
156 190
156 191
156 194
156 195
156 196
156 204
156 205
156 207
156 211
156 213
156 214
156 215
156 216
156 217
156 219
156 220
156 224
156 227
156 230
156 237
156 243
156 244
156 257
156 261
156 262
156 265
156 267
156 270
156 300
157 159
157 169
157 170
157 172
157 178
157 179
157 180
157 181
157 184
157 185
157 187
157 188
157 190
157 191
157 194
157 195
157 196
157 204
157 205
157 207
157 211
157 213
157 214
157 215
157 216
157 217
157 220
157 224
157 227
157 230
157 237
157 241
157 243
157 244
157 257
157 261
157 262
157 265
157 267
157 269
157 272
157 273
157 275
157 276
157 278
157 281
157 282
157 283
157 284
157 285
157 287
157 288
157 291
157 293
157 299
158 159
158 169
158 172
158 178
158 179
158 180
158 181
158 184
158 185
158 188
158 190
158 191
158 194
158 195
158 196
158 204
158 205
158 206
158 207
158 211
158 213
158 214
158 215
158 216
158 217
158 220
158 224
158 227
158 230
158 237
158 238
158 241
158 243
158 244
158 257
158 261
158 262
158 265
158 267
158 289
158 294
158 300
159 160
159 161
159 162
159 163
159 164
159 165
159 166
159 167
159 168
159 171
159 173
159 174
159 175
159 176
159 177
159 180
159 182
159 183
159 184
159 186
159 187
159 189
159 192
159 193
159 197
159 198
159 199
159 200
159 201
159 202
159 203
159 206
159 208
159 209
159 210
159 212
159 213
159 218
159 219
159 221
159 222
159 223
159 224
159 225
159 226
159 228
159 229
159 231
159 232
159 233
159 234
159 235
159 236
159 238
159 239
159 240
159 242
159 245
159 246
159 247
159 248
159 249
159 250
159 251
159 252
159 253
159 254
159 255
159 256
159 258
159 259
159 260
159 263
159 264
159 266
159 268
159 269
159 288
159 294
160 169
160 170
160 172
160 178
160 179
160 180
160 181
160 184
160 185
160 188
160 190
160 191
160 194
160 195
160 196
160 204
160 205
160 207
160 211
160 213
160 214
160 215
160 216
160 217
160 220
160 224
160 227
160 230
160 233
160 237
160 241
160 243
160 244
160 257
160 261
160 262
160 265
160 269
160 272
160 281
160 300
161 169
161 170
161 172
161 178
161 179
161 180
161 181
161 184
161 185
161 188
161 190
161 191
161 194
161 195
161 196
161 204
161 205
161 207
161 211
161 213
161 214
161 215
161 216
161 217
161 220
161 224
161 227
161 230
161 237
161 241
161 243
161 244
161 257
161 261
161 262
161 265
161 267
161 269
161 277
161 281
161 300
162 169
162 170
162 172
162 178
162 179
162 180
162 181
162 184
162 185
162 188
162 190
162 191
162 194
162 195
162 196
162 204
162 205
162 207
162 211
162 213
162 214
162 215
162 216
162 217
162 220
162 224
162 227
162 230
162 237
162 241
162 243
162 244
162 257
162 261
162 262
162 265
162 267
162 283
162 285
162 287
162 300
163 169
163 170
163 172
163 178
163 179
163 180
163 181
163 184
163 185
163 188
163 190
163 191
163 194
163 195
163 196
163 204
163 205
163 207
163 211
163 213
163 214
163 215
163 216
163 217
163 220
163 224
163 227
163 230
163 237
163 241
163 243
163 244
163 257
163 261
163 262
163 265
163 267
163 270
163 291
163 300
164 169
164 170
164 172
164 178
164 179
164 180
164 181
164 184
164 185
164 188
164 190
164 191
164 193
164 194
164 195
164 196
164 204
164 205
164 207
164 211
164 213
164 214
164 215
164 216
164 217
164 220
164 224
164 227
164 230
164 237
164 241
164 243
164 244
164 257
164 261
164 262
164 265
164 267
164 300
165 169
165 170
165 172
165 178
165 179
165 180
165 181
165 184
165 185
165 190
165 191
165 193
165 194
165 195
165 196
165 204
165 205
165 207
165 211
165 213
165 214
165 215
165 216
165 217
165 220
165 224
165 227
165 230
165 237
165 241
165 243
165 244
165 257
165 261
165 262
165 265
165 267
165 269
165 272
165 282
165 300
166 169
166 170
166 172
166 178
166 179
166 180
166 181
166 184
166 185
166 188
166 190
166 191
166 194
166 195
166 196
166 204
166 205
166 207
166 211
166 213
166 214
166 215
166 216
166 217
166 220
166 224
166 227
166 230
166 237
166 241
166 243
166 244
166 257
166 261
166 262
166 265
166 267
166 287
166 300
167 169
167 178
167 179
167 180
167 181
167 184
167 185
167 188
167 190
167 191
167 194
167 195
167 196
167 203
167 204
167 205
167 207
167 211
167 213
167 214
167 215
167 216
167 217
167 219
167 220
167 224
167 227
167 230
167 237
167 243
167 244
167 257
167 261
167 262
167 267
167 300
168 169
168 170
168 172
168 178
168 179
168 180
168 181
168 184
168 185
168 188
168 190
168 191
168 194
168 195
168 196
168 204
168 205
168 207
168 211
168 213
168 214
168 215
168 216
168 217
168 220
168 224
168 227
168 230
168 237
168 241
168 243
168 244
168 257
168 261
168 262
168 265
168 267
168 300
169 171
169 173
169 174
169 175
169 176
169 177
169 180
169 182
169 183
169 184
169 186
169 187
169 189
169 192
169 193
169 197
169 198
169 199
169 200
169 201
169 202
169 203
169 206
169 208
169 209
169 210
169 212
169 213
169 218
169 219
169 221
169 222
169 223
169 224
169 225
169 226
169 228
169 229
169 231
169 232
169 233
169 234
169 235
169 236
169 238
169 239
169 240
169 241
169 242
169 245
169 246
169 247
169 248
169 249
169 250
169 251
169 252
169 253
169 254
169 255
169 256
169 258
169 259
169 260
169 263
169 264
169 266
170 171
170 173
170 174
170 175
170 176
170 177
170 180
170 182
170 183
170 184
170 186
170 187
170 189
170 192
170 197
170 198
170 199
170 200
170 201
170 202
170 203
170 206
170 208
170 209
170 210
170 212
170 213
170 218
170 219
170 221
170 222
170 223
170 224
170 225
170 226
170 227
170 228
170 231
170 232
170 234
170 235
170 236
170 238
170 239
170 240
170 242
170 245
170 246
170 247
170 248
170 249
170 250
170 251
170 252
170 253
170 254
170 255
170 256
170 258
170 259
170 260
170 263
170 264
170 266
170 267
170 269
170 277
170 281
170 282
170 300
171 172
171 178
171 179
171 180
171 181
171 184
171 185
171 188
171 190
171 191
171 194
171 195
171 196
171 204
171 205
171 207
171 211
171 213
171 214
171 215
171 216
171 217
171 220
171 224
171 227
171 230
171 237
171 241
171 243
171 244
171 257
171 261
171 262
171 265
171 267
171 284
171 293
171 300
172 173
172 174
172 175
172 176
172 177
172 180
172 182
172 183
172 184
172 186
172 187
172 189
172 192
172 193
172 197
172 198
172 199
172 200
172 201
172 202
172 203
172 206
172 208
172 209
172 210
172 212
172 213
172 218
172 219
172 221
172 222
172 223
172 224
172 225
172 226
172 228
172 229
172 231
172 232
172 234
172 235
172 236
172 238
172 239
172 240
172 242
172 245
172 246
172 247
172 248
172 249
172 250
172 251
172 252
172 253
172 254
172 255
172 256
172 258
172 259
172 260
172 264
172 266
172 269
172 272
173 178
173 179
173 180
173 181
173 184
173 185
173 188
173 190
173 191
173 194
173 195
173 196
173 204
173 205
173 207
173 211
173 213
173 214
173 215
173 216
173 217
173 220
173 224
173 227
173 230
173 237
173 238
173 241
173 243
173 257
173 261
173 262
173 265
173 267
173 300
174 178
174 179
174 180
174 181
174 184
174 185
174 188
174 190
174 191
174 194
174 195
174 196
174 204
174 205
174 207
174 211
174 213
174 214
174 215
174 216
174 217
174 220
174 224
174 227
174 230
174 237
174 241
174 243
174 244
174 257
174 261
174 262
174 265
174 267
174 268
174 269
174 283
174 287
174 294
174 300
175 178
175 179
175 180
175 181
175 184
175 185
175 188
175 190
175 191
175 194
175 195
175 196
175 204
175 205
175 207
175 211
175 213
175 214
175 215
175 216
175 217
175 220
175 224
175 227
175 230
175 237
175 241
175 243
175 244
175 257
175 261
175 262
175 265
175 267
175 269
175 283
175 287
175 293
175 294
175 300
176 178
176 179
176 180
176 181
176 184
176 185
176 190
176 191
176 194
176 195
176 196
176 204
176 205
176 207
176 211
176 213
176 214
176 215
176 216
176 217
176 219
176 220
176 224
176 227
176 230
176 237
176 241
176 243
176 257
176 261
176 262
176 265
176 267
176 269
176 270
176 289
176 300
177 178
177 179
177 180
177 181
177 184
177 185
177 188
177 190
177 191
177 194
177 195
177 196
177 204
177 205
177 207
177 211
177 213
177 214
177 215
177 216
177 217
177 220
177 227
177 230
177 237
177 241
177 243
177 257
177 258
177 261
177 262
177 265
177 267
177 269
177 278
177 283
177 290
177 300
178 180
178 182
178 183
178 184
178 186
178 187
178 189
178 192
178 193
178 197
178 198
178 199
178 200
178 201
178 202
178 203
178 206
178 208
178 209
178 210
178 212
178 213
178 218
178 219
178 221
178 222
178 223
178 224
178 225
178 226
178 228
178 229
178 231
178 232
178 233
178 234
178 235
178 236
178 238
178 239
178 240
178 242
178 245
178 246
178 247
178 248
178 249
178 250
178 251
178 252
178 253
178 254
178 255
178 256
178 258
178 259
178 260
178 263
178 264
178 266
179 180
179 182
179 183
179 184
179 186
179 187
179 189
179 192
179 197
179 198
179 199
179 200
179 201
179 202
179 203
179 206
179 207
179 208
179 209
179 210
179 212
179 213
179 218
179 219
179 221
179 222
179 223
179 224
179 225
179 226
179 228
179 229
179 231
179 232
179 233
179 234
179 235
179 236
179 238
179 239
179 240
179 241
179 242
179 245
179 246
179 247
179 248
179 249
179 250
179 251
179 252
179 253
179 254
179 255
179 256
179 258
179 259
179 260
179 263
179 264
179 266
179 268
179 269
179 283
179 293
180 181
180 182
180 183
180 184
180 185
180 186
180 187
180 188
180 189
180 190
180 191
180 192
180 193
180 194
180 195
180 196
180 197
180 198
180 199
180 200
180 202
180 203
180 204
180 205
180 206
180 207
180 208
180 209
180 210
180 211
180 212
180 213
180 214
180 215
180 216
180 217
180 218
180 219
180 220
180 221
180 222
180 223
180 225
180 226
180 227
180 228
180 229
180 230
180 231
180 232
180 233
180 234
180 235
180 236
180 237
180 238
180 239
180 240
180 241
180 242
180 243
180 244
180 245
180 246
180 247
180 248
180 249
180 250
180 251
180 252
180 253
180 254
180 255
180 256
180 257
180 258
180 259
180 260
180 261
180 262
180 263
180 264
180 265
180 266
180 267
180 269
180 270
180 280
180 284
180 291
180 297
181 182
181 183
181 184
181 186
181 187
181 189
181 192
181 193
181 197
181 198
181 199
181 200
181 201
181 202
181 203
181 206
181 208
181 209
181 210
181 212
181 213
181 218
181 219
181 221
181 222
181 223
181 224
181 225
181 226
181 228
181 229
181 231
181 232
181 233
181 234
181 235
181 236
181 238
181 239
181 240
181 242
181 245
181 246
181 247
181 248
181 249
181 250
181 251
181 252
181 253
181 254
181 255
181 256
181 258
181 259
181 260
181 263
181 264
181 266
181 269
181 272
182 184
182 185
182 188
182 190
182 191
182 193
182 194
182 195
182 196
182 204
182 205
182 207
182 211
182 213
182 214
182 215
182 216
182 217
182 220
182 224
182 227
182 230
182 237
182 241
182 243
182 244
182 257
182 261
182 262
182 265
182 267
182 300
183 184
183 185
183 188
183 190
183 191
183 194
183 195
183 196
183 204
183 205
183 207
183 211
183 213
183 214
183 215
183 216
183 217
183 220
183 224
183 227
183 230
183 237
183 241
183 243
183 244
183 257
183 261
183 262
183 265
183 267
183 300
184 185
184 186
184 187
184 188
184 189
184 190
184 191
184 192
184 194
184 195
184 196
184 197
184 198
184 199
184 200
184 201
184 202
184 203
184 205
184 206
184 207
184 208
184 209
184 210
184 211
184 212
184 214
184 215
184 216
184 217
184 218
184 219
184 220
184 221
184 223
184 224
184 225
184 226
184 227
184 228
184 229
184 230
184 231
184 232
184 233
184 234
184 235
184 236
184 237
184 238
184 239
184 240
184 241
184 242
184 243
184 244
184 245
184 246
184 247
184 248
184 249
184 250
184 251
184 252
184 253
184 254
184 255
184 256
184 257
184 258
184 259
184 260
184 261
184 262
184 263
184 264
184 265
184 266
184 267
184 270
184 271
184 273
184 274
184 276
184 277
184 284
184 285
184 287
184 290
184 291
184 294
184 295
184 296
184 300
185 186
185 187
185 189
185 192
185 193
185 197
185 198
185 199
185 200
185 201
185 202
185 203
185 208
185 209
185 210
185 212
185 213
185 218
185 219
185 221
185 222
185 223
185 225
185 226
185 228
185 229
185 231
185 232
185 233
185 234
185 235
185 236
185 238
185 239
185 240
185 241
185 242
185 245
185 246
185 247
185 248
185 250
185 251
185 252
185 253
185 254
185 255
185 256
185 258
185 259
185 260
185 263
185 264
185 266
185 268
185 272
185 275
185 278
185 281
185 282
185 283
185 285
185 287
185 291
185 293
185 294
185 300
186 188
186 190
186 191
186 194
186 195
186 196
186 201
186 204
186 205
186 211
186 213
186 214
186 215
186 216
186 217
186 220
186 224
186 227
186 230
186 237
186 241
186 243
186 244
186 254
186 257
186 261
186 262
186 265
186 267
186 270
186 280
186 281
186 283
186 289
186 291
186 300
187 190
187 193
187 194
187 195
187 196
187 204
187 205
187 207
187 211
187 214
187 215
187 216
187 217
187 220
187 224
187 227
187 230
187 232
187 237
187 243
187 257
187 261
187 262
187 265
187 267
187 269
187 270
187 272
187 283
187 289
187 291
187 294
187 297
188 189
188 192
188 193
188 197
188 198
188 199
188 200
188 201
188 202
188 203
188 206
188 208
188 209
188 210
188 212
188 213
188 219
188 221
188 222
188 223
188 224
188 225
188 228
188 229
188 231
188 232
188 233
188 234
188 235
188 236
188 238
188 239
188 240
188 242
188 245
188 246
188 247
188 248
188 249
188 250
188 251
188 252
188 253
188 254
188 255
188 256
188 259
188 260
188 263
188 264
188 266
188 269
188 278
188 283
188 285
188 287
189 190
189 191
189 194
189 195
189 196
189 204
189 205
189 207
189 211
189 213
189 214
189 215
189 216
189 217
189 220
189 224
189 227
189 230
189 237
189 241
189 243
189 244
189 257
189 261
189 262
189 265
189 267
189 283
189 285
189 300
190 192
190 193
190 197
190 198
190 199
190 200
190 201
190 202
190 203
190 206
190 208
190 209
190 210
190 212
190 213
190 218
190 219
190 221
190 222
190 223
190 224
190 225
190 226
190 228
190 229
190 231
190 232
190 233
190 234
190 235
190 236
190 238
190 239
190 240
190 242
190 245
190 246
190 247
190 248
190 249
190 250
190 251
190 252
190 253
190 254
190 255
190 256
190 258
190 259
190 260
190 263
190 264
190 266
190 283
190 284
190 287
191 192
191 193
191 197
191 198
191 199
191 200
191 201
191 202
191 203
191 206
191 208
191 209
191 210
191 211
191 212
191 213
191 218
191 219
191 221
191 222
191 223
191 224
191 225
191 226
191 228
191 229
191 231
191 232
191 233
191 234
191 235
191 236
191 238
191 239
191 240
191 242
191 245
191 246
191 247
191 248
191 249
191 250
191 251
191 252
191 253
191 254
191 256
191 259
191 260
191 263
191 264
191 266
191 269
191 283
192 194
192 195
192 196
192 204
192 205
192 207
192 211
192 213
192 214
192 215
192 216
192 217
192 220
192 224
192 227
192 230
192 237
192 241
192 243
192 244
192 257
192 261
192 262
192 265
192 269
192 270
192 272
192 300
193 194
193 195
193 196
193 198
193 203
193 204
193 205
193 207
193 208
193 211
193 213
193 214
193 216
193 217
193 220
193 224
193 227
193 231
193 237
193 243
193 244
193 249
193 257
193 258
193 260
193 261
193 262
193 265
193 267
193 268
193 269
193 272
193 275
193 278
193 281
193 285
193 291
193 293
193 300
194 197
194 198
194 199
194 200
194 201
194 202
194 203
194 208
194 209
194 210
194 212
194 213
194 218
194 219
194 220
194 221
194 222
194 223
194 224
194 225
194 226
194 228
194 229
194 231
194 232
194 233
194 234
194 235
194 236
194 238
194 239
194 240
194 241
194 242
194 245
194 246
194 247
194 248
194 249
194 250
194 251
194 252
194 253
194 254
194 255
194 256
194 258
194 259
194 260
194 263
194 264
194 266
194 281
195 197
195 198
195 199
195 200
195 201
195 202
195 203
195 206
195 208
195 209
195 210
195 212
195 213
195 218
195 219
195 221
195 222
195 223
195 224
195 225
195 226
195 228
195 229
195 231
195 232
195 233
195 234
195 235
195 236
195 238
195 239
195 240
195 242
195 245
195 246
195 247
195 248
195 249
195 250
195 251
195 252
195 253
195 254
195 255
195 256
195 258
195 259
195 260
195 263
195 264
195 266
195 269
196 197
196 198
196 199
196 200
196 201
196 202
196 203
196 206
196 208
196 209
196 210
196 212
196 213
196 218
196 219
196 221
196 222
196 223
196 224
196 225
196 226
196 228
196 229
196 231
196 232
196 233
196 234
196 235
196 236
196 238
196 239
196 240
196 242
196 245
196 246
196 247
196 248
196 249
196 250
196 251
196 252
196 253
196 254
196 255
196 256
196 258
196 259
196 260
196 263
196 264
196 266
197 201
197 205
197 207
197 211
197 213
197 214
197 215
197 216
197 217
197 220
197 224
197 227
197 230
197 237
197 241
197 243
197 244
197 257
197 261
197 262
197 265
197 267
197 269
197 277
197 281
197 285
197 287
197 293
197 300
198 204
198 205
198 207
198 211
198 213
198 214
198 215
198 216
198 217
198 220
198 227
198 230
198 237
198 241
198 243
198 244
198 257
198 261
198 262
198 265
198 267
198 269
198 300
199 204
199 205
199 211
199 214
199 215
199 216
199 217
199 220
199 227
199 230
199 237
199 243
199 244
199 257
199 261
199 262
199 265
199 269
199 270
199 281
199 283
199 289
199 291
199 294
199 297
199 300
200 204
200 205
200 207
200 211
200 213
200 214
200 215
200 216
200 217
200 220
200 224
200 227
200 230
200 237
200 243
200 244
200 257
200 261
200 262
200 265
200 267
200 300
201 204
201 205
201 207
201 211
201 213
201 214
201 215
201 216
201 217
201 220
201 224
201 227
201 230
201 237
201 241
201 243
201 244
201 255
201 257
201 261
201 262
201 265
201 269
201 270
201 272
201 273
201 275
201 277
201 282
201 283
201 285
201 286
201 287
201 294
201 297
202 204
202 205
202 206
202 207
202 211
202 213
202 214
202 215
202 216
202 217
202 220
202 224
202 227
202 230
202 237
202 238
202 243
202 244
202 249
202 257
202 261
202 262
202 265
202 267
202 269
202 270
202 283
202 297
202 298
202 300
203 204
203 205
203 207
203 211
203 213
203 214
203 215
203 216
203 217
203 220
203 224
203 227
203 228
203 230
203 237
203 238
203 239
203 241
203 243
203 244
203 254
203 257
203 261
203 262
203 265
203 270
203 272
203 277
203 279
203 281
203 282
203 283
203 284
203 285
203 287
203 288
203 289
203 291
203 293
203 294
203 297
203 299
204 206
204 208
204 209
204 210
204 212
204 213
204 218
204 219
204 221
204 222
204 223
204 224
204 225
204 226
204 228
204 229
204 231
204 232
204 233
204 234
204 235
204 236
204 238
204 239
204 240
204 242
204 245
204 246
204 247
204 248
204 249
204 250
204 251
204 252
204 253
204 254
204 256
204 259
204 260
204 263
204 264
204 266
204 267
204 269
204 278
204 283
204 287
205 206
205 207
205 208
205 209
205 210
205 212
205 213
205 218
205 219
205 221
205 223
205 224
205 225
205 226
205 228
205 229
205 231
205 232
205 233
205 234
205 235
205 236
205 238
205 239
205 240
205 242
205 245
205 246
205 247
205 248
205 249
205 250
205 251
205 252
205 253
205 254
205 255
205 256
205 258
205 259
205 260
205 263
205 264
205 266
205 269
205 270
206 211
206 214
206 215
206 216
206 217
206 220
206 224
206 227
206 230
206 231
206 237
206 243
206 244
206 246
206 257
206 261
206 262
206 265
206 269
206 300
207 208
207 209
207 210
207 211
207 212
207 213
207 218
207 219
207 221
207 222
207 223
207 224
207 225
207 226
207 228
207 229
207 231
207 232
207 233
207 234
207 235
207 236
207 238
207 239
207 240
207 242
207 245
207 246
207 247
207 248
207 249
207 250
207 251
207 252
207 253
207 254
207 255
207 256
207 258
207 259
207 260
207 263
207 264
207 266
207 268
207 287
207 293
208 211
208 213
208 214
208 215
208 216
208 217
208 220
208 227
208 230
208 237
208 243
208 257
208 261
208 262
208 265
208 267
208 300
209 211
209 213
209 214
209 215
209 216
209 217
209 220
209 224
209 227
209 230
209 237
209 241
209 243
209 244
209 257
209 261
209 262
209 265
209 267
209 269
209 300
210 211
210 213
210 214
210 215
210 216
210 217
210 220
210 224
210 227
210 230
210 237
210 243
210 244
210 257
210 261
210 262
210 265
210 267
210 269
210 300
211 212
211 213
211 218
211 219
211 221
211 223
211 224
211 225
211 226
211 228
211 229
211 231
211 232
211 233
211 234
211 235
211 236
211 238
211 239
211 240
211 242
211 245
211 246
211 247
211 248
211 249
211 250
211 251
211 252
211 253
211 254
211 255
211 256
211 258
211 259
211 260
211 264
211 266
211 294
212 213
212 214
212 215
212 216
212 217
212 220
212 224
212 227
212 230
212 237
212 241
212 243
212 244
212 254
212 257
212 261
212 262
212 265
212 267
212 294
213 214
213 216
213 217
213 219
213 220
213 221
213 222
213 223
213 224
213 225
213 226
213 227
213 229
213 230
213 231
213 232
213 234
213 235
213 236
213 237
213 240
213 241
213 242
213 243
213 244
213 245
213 246
213 247
213 248
213 249
213 250
213 251
213 252
213 253
213 254
213 255
213 256
213 257
213 258
213 259
213 260
213 261
213 262
213 263
213 264
213 265
213 266
213 269
213 273
213 278
213 284
213 288
213 291
213 299
214 218
214 219
214 221
214 222
214 223
214 224
214 225
214 226
214 228
214 229
214 231
214 232
214 233
214 234
214 235
214 236
214 238
214 239
214 240
214 242
214 245
214 246
214 247
214 248
214 249
214 250
214 251
214 252
214 253
214 254
214 255
214 256
214 258
214 259
214 260
214 263
214 264
214 266
214 267
214 269
214 283
214 293
214 294
215 218
215 219
215 221
215 222
215 223
215 224
215 225
215 226
215 228
215 229
215 231
215 232
215 233
215 234
215 235
215 236
215 238
215 239
215 240
215 242
215 244
215 245
215 246
215 247
215 248
215 249
215 250
215 251
215 252
215 253
215 254
215 255
215 256
215 258
215 259
215 260
215 263
215 264
215 266
215 269
215 272
215 282
216 218
216 219
216 221
216 222
216 223
216 224
216 225
216 226
216 228
216 229
216 231
216 232
216 233
216 234
216 235
216 236
216 238
216 239
216 240
216 242
216 245
216 246
216 247
216 248
216 249
216 250
216 251
216 252
216 253
216 255
216 256
216 258
216 259
216 260
216 263
216 264
216 266
216 268
216 281
216 283
216 285
216 287
216 293
217 218
217 219
217 221
217 222
217 223
217 224
217 225
217 226
217 228
217 229
217 231
217 232
217 233
217 234
217 235
217 236
217 238
217 239
217 240
217 242
217 245
217 246
217 247
217 248
217 249
217 250
217 251
217 252
217 253
217 254
217 255
217 256
217 259
217 260
217 263
217 264
217 266
217 269
217 289
218 220
218 224
218 227
218 230
218 238
218 241
218 243
218 244
218 249
218 257
218 261
218 262
218 267
218 269
218 300
219 220
219 224
219 227
219 230
219 237
219 241
219 243
219 257
219 261
219 262
219 265
219 300
220 221
220 222
220 223
220 224
220 225
220 226
220 228
220 229
220 231
220 232
220 233
220 234
220 235
220 236
220 238
220 239
220 240
220 242
220 245
220 246
220 247
220 248
220 249
220 250
220 251
220 252
220 253
220 254
220 255
220 256
220 258
220 259
220 260
220 263
220 264
220 266
220 268
220 269
220 270
220 281
220 283
220 284
220 293
220 294
221 224
221 227
221 230
221 237
221 241
221 243
221 244
221 254
221 257
221 261
221 262
221 265
221 267
221 293
221 300
222 224
222 227
222 237
222 243
222 244
222 255
222 257
222 258
222 261
222 262
222 265
222 267
222 269
222 300
223 224
223 227
223 230
223 237
223 241
223 243
223 244
223 257
223 261
223 262
223 265
223 283
223 293
223 294
223 300
224 225
224 226
224 227
224 229
224 230
224 231
224 232
224 233
224 234
224 235
224 236
224 237
224 239
224 240
224 241
224 242
224 243
224 244
224 245
224 246
224 248
224 249
224 250
224 251
224 252
224 253
224 254
224 255
224 256
224 257
224 258
224 259
224 260
224 261
224 262
224 263
224 264
224 265
224 266
224 268
224 270
224 272
224 276
224 278
224 279
224 281
224 282
224 283
224 285
224 287
224 288
224 289
224 293
224 294
224 299
224 300
225 227
225 230
225 237
225 238
225 243
225 244
225 257
225 261
225 262
225 265
225 267
225 270
225 289
225 291
225 297
225 298
225 300
226 227
226 230
226 237
226 241
226 243
226 257
226 261
226 262
226 265
226 267
226 270
226 291
226 297
226 300
227 228
227 229
227 231
227 232
227 233
227 234
227 235
227 236
227 238
227 239
227 240
227 242
227 245
227 246
227 247
227 248
227 249
227 250
227 251
227 252
227 253
227 254
227 255
227 256
227 258
227 259
227 260
227 263
227 264
227 266
227 294
228 230
228 237
228 243
228 244
228 257
228 261
228 262
228 265
228 267
228 287
228 300
229 230
229 237
229 243
229 257
229 261
229 262
229 265
229 267
229 270
229 289
229 300
230 231
230 232
230 233
230 234
230 235
230 236
230 238
230 239
230 240
230 242
230 245
230 246
230 247
230 248
230 249
230 250
230 251
230 252
230 253
230 255
230 256
230 258
230 259
230 260
230 263
230 264
230 266
230 269
230 281
230 287
230 294
231 237
231 241
231 243
231 244
231 257
231 261
231 262
231 265
231 267
231 269
231 272
232 233
232 237
232 241
232 243
232 244
232 255
232 257
232 261
232 262
232 265
232 267
232 268
232 269
232 275
232 281
232 283
232 284
232 287
232 288
232 291
232 293
232 294
232 300
233 243
233 244
233 249
233 257
233 261
233 262
233 265
233 267
233 270
233 300
234 237
234 241
234 243
234 244
234 257
234 261
234 262
234 265
234 269
234 281
234 283
234 284
234 285
234 293
234 294
234 300
235 241
235 243
235 244
235 257
235 261
235 262
235 265
235 267
235 300
236 237
236 241
236 243
236 244
236 257
236 261
236 262
236 265
236 267
236 269
236 281
236 300
237 238
237 239
237 240
237 242
237 245
237 246
237 247
237 248
237 249
237 250
237 251
237 252
237 253
237 254
237 256
237 258
237 259
237 260
237 263
237 264
237 266
237 267
237 268
237 269
237 281
237 283
237 284
237 285
237 287
237 291
237 293
237 294
238 242
238 243
238 244
238 257
238 261
238 262
238 265
238 269
238 287
238 300
239 243
239 244
239 257
239 261
239 262
239 265
239 267
239 300
240 241
240 243
240 244
240 257
240 261
240 262
240 265
240 267
240 269
240 270
240 281
240 283
240 287
240 300
241 242
241 245
241 246
241 247
241 248
241 249
241 250
241 251
241 253
241 256
241 259
241 261
241 263
241 264
241 266
241 273
241 274
241 277
241 278
241 281
241 285
241 294
242 243
242 244
242 254
242 257
242 261
242 262
242 265
242 267
242 268
242 269
242 272
242 279
242 281
242 282
242 283
242 288
242 293
242 299
243 245
243 246
243 247
243 248
243 249
243 250
243 251
243 252
243 253
243 254
243 255
243 256
243 258
243 259
243 260
243 263
243 264
243 266
243 269
243 272
243 283
243 284
243 285
243 287
243 288
243 293
243 294
244 245
244 246
244 247
244 248
244 249
244 250
244 251
244 252
244 253
244 255
244 256
244 259
244 263
244 264
244 266
244 269
244 281
244 284
244 285
244 287
245 257
245 261
245 262
245 265
245 267
245 269
245 294
245 300
246 254
246 257
246 261
246 262
246 265
246 267
246 300
247 255
247 257
247 261
247 262
247 265
247 267
247 269
247 281
247 283
247 285
247 293
247 300
248 254
248 257
248 261
248 262
248 265
248 267
248 294
248 300
249 257
249 261
249 262
249 265
249 269
249 287
249 300
250 257
250 261
250 262
250 265
250 267
250 300
251 257
251 261
251 262
251 265
251 267
251 269
251 270
251 297
251 298
251 300
252 257
252 261
252 262
252 265
252 268
252 269
252 281
252 283
252 284
252 287
252 293
252 300
253 257
253 261
253 262
253 265
253 267
253 300
254 257
254 261
254 262
254 265
254 267
254 269
254 270
254 271
254 276
254 281
254 282
254 287
254 296
254 297
254 299
254 300
255 257
255 261
255 262
255 263
255 267
255 269
255 270
255 300
256 257
256 261
256 262
256 265
256 267
256 300
257 258
257 259
257 260
257 263
257 264
257 266
258 261
258 262
258 263
258 265
258 267
258 269
258 300
259 261
259 262
259 265
259 267
259 300
260 261
260 262
260 265
260 267
260 300
261 263
261 264
261 266
261 269
261 270
262 263
262 264
262 266
263 265
263 281
263 283
263 285
263 287
263 300
264 265
264 267
264 268
264 269
264 281
264 287
264 293
264 294
264 300
265 266
265 267
265 268
265 269
265 270
265 277
265 278
265 281
265 282
265 283
265 284
265 285
265 287
265 288
265 291
265 293
265 294
266 267
266 269
266 272
266 300
267 268
267 278
267 281
267 283
267 286
267 293
267 300
268 280
268 284
268 300
269 280
269 295
269 300
270 280
270 295
270 300
271 280
271 284
271 300
272 280
272 300
273 280
273 300
274 280
274 284
274 295
274 300
275 280
275 284
275 295
275 300
276 280
276 284
276 300
277 280
277 295
277 300
278 280
278 300
279 280
279 284
279 295
279 300
280 281
280 282
280 283
280 285
280 286
280 287
280 288
280 289
280 290
280 291
280 292
280 293
280 294
280 295
280 296
280 297
280 298
280 299
280 300
281 284
281 295
281 300
282 300
283 300
284 286
284 287
284 288
284 290
284 291
284 292
284 293
284 294
284 295
284 296
284 298
284 299
284 300
285 300
286 300
287 295
287 300
288 300
289 300
290 300
291 295
291 300
292 295
292 300
293 300
294 300
295 298
295 299
296 300
297 300
298 300
299 300
