heur049_n_300_m_17695
1 4
1 8
1 9
1 11
1 17
1 34
1 40
1 56
1 74
1 77
1 78
1 79
1 80
1 81
1 83
1 84
1 87
1 90
1 91
1 92
1 93
1 95
1 96
1 97
1 98
1 101
1 103
1 105
1 107
1 108
1 109
1 111
1 112
1 113
1 114
1 115
1 117
1 118
1 120
1 124
1 132
1 168
1 170
1 182
1 186
1 189
1 194
1 198
1 201
1 204
1 210
1 213
1 223
1 232
1 233
1 234
1 238
1 241
1 242
1 244
1 248
1 250
1 261
1 267
1 269
1 274
1 276
1 277
1 290
1 293
1 296
1 299
2 4
2 7
2 8
2 9
2 11
2 16
2 17
2 47
2 54
2 59
2 62
2 65
2 74
2 76
2 77
2 78
2 79
2 80
2 81
2 83
2 86
2 87
2 88
2 89
2 90
2 92
2 94
2 95
2 96
2 97
2 99
2 100
2 101
2 103
2 104
2 105
2 106
2 107
2 109
2 111
2 112
2 113
2 117
2 119
2 120
2 128
2 129
2 131
2 133
2 135
2 137
2 138
2 140
2 141
2 146
2 148
2 153
2 157
2 158
2 161
2 166
2 168
2 169
2 170
2 172
2 174
2 175
2 181
2 185
2 186
2 189
2 190
2 193
2 194
2 197
2 198
2 204
2 205
2 206
2 209
2 210
2 213
2 214
2 215
2 223
2 225
2 227
2 228
2 233
2 236
2 238
2 244
2 251
2 261
2 267
2 268
2 269
2 272
2 276
2 278
2 283
2 291
2 297
2 298
3 4
3 7
3 8
3 9
3 11
3 16
3 17
3 33
3 35
3 45
3 59
3 61
3 68
3 72
3 74
3 76
3 77
3 78
3 82
3 83
3 84
3 85
3 87
3 88
3 89
3 90
3 91
3 93
3 94
3 96
3 98
3 103
3 104
3 105
3 107
3 111
3 112
3 113
3 114
3 117
3 118
3 119
3 157
3 161
3 186
3 189
3 194
3 201
3 204
3 208
3 211
3 213
3 223
3 227
3 244
3 245
3 250
3 267
3 274
3 277
3 284
3 293
3 297
3 299
4 5
4 6
4 7
4 8
4 9
4 10
4 11
4 12
4 13
4 14
4 15
4 16
4 18
4 19
4 20
4 22
4 23
4 24
4 26
4 27
4 28
4 29
4 30
4 31
4 32
4 33
4 34
4 35
4 36
4 37
4 38
4 39
4 40
4 41
4 42
4 43
4 44
4 45
4 46
4 47
4 48
4 49
4 50
4 51
4 52
4 53
4 54
4 55
4 56
4 58
4 59
4 60
4 63
4 64
4 65
4 66
4 67
4 68
4 69
4 70
4 71
4 72
4 73
4 74
4 75
4 76
4 78
4 82
4 85
4 89
4 90
4 91
4 101
4 102
4 105
4 106
4 111
4 112
4 114
4 115
4 121
4 122
4 123
4 124
4 125
4 126
4 128
4 129
4 133
4 135
4 136
4 137
4 138
4 139
4 140
4 142
4 143
4 144
4 146
4 148
4 149
4 150
4 151
4 152
4 155
4 156
4 157
4 158
4 159
4 162
4 169
4 175
4 177
4 180
4 184
4 188
4 193
4 195
4 198
4 214
4 231
4 233
4 246
4 249
4 250
4 256
4 260
4 273
4 283
4 286
4 288
4 290
4 291
4 292
4 293
4 294
4 295
4 296
5 7
5 8
5 9
5 11
5 13
5 16
5 17
5 34
5 48
5 54
5 59
5 61
5 65
5 67
5 74
5 77
5 79
5 80
5 81
5 83
5 84
5 86
5 88
5 90
5 91
5 92
5 93
5 94
5 95
5 96
5 97
5 98
5 99
5 101
5 102
5 103
5 104
5 106
5 107
5 108
5 109
5 112
5 113
5 114
5 117
5 118
5 120
5 121
5 122
5 123
5 126
5 130
5 134
5 147
5 153
5 170
5 175
5 180
5 184
5 185
5 186
5 188
5 193
5 198
5 209
5 214
5 221
5 227
5 231
5 249
5 250
5 256
5 260
5 269
5 273
5 283
5 290
5 291
5 296
5 297
5 298
5 299
6 7
6 8
6 9
6 11
6 13
6 16
6 17
6 65
6 74
6 77
6 78
6 79
6 80
6 84
6 85
6 87
6 88
6 89
6 90
6 91
6 92
6 93
6 94
6 96
6 97
6 98
6 103
6 104
6 105
6 106
6 107
6 108
6 109
6 111
6 112
6 113
6 114
6 115
6 117
6 118
6 120
6 148
6 182
6 186
6 189
6 194
6 201
6 204
6 208
6 210
6 213
6 223
6 244
6 250
6 267
6 277
6 284
6 285
6 286
6 291
6 297
6 298
6 299
6 300
7 10
7 12
7 14
7 15
7 17
7 18
7 19
7 20
7 21
7 22
7 23
7 24
7 25
7 26
7 27
7 30
7 34
7 35
7 40
7 44
7 49
7 51
7 53
7 54
7 56
7 57
7 59
7 61
7 62
7 68
7 74
7 78
7 80
7 81
7 82
7 84
7 86
7 91
7 93
7 95
7 97
7 99
7 100
7 102
7 103
7 104
7 105
7 106
7 108
7 114
7 115
7 117
7 120
7 121
7 122
7 141
7 154
7 165
7 167
7 169
7 171
7 174
7 175
7 179
7 184
7 187
7 193
7 202
7 217
7 218
7 219
7 220
7 221
7 224
7 226
7 231
7 233
7 240
7 249
7 252
7 257
7 259
7 260
7 263
7 265
7 266
7 268
7 270
7 271
7 273
7 275
7 281
7 287
7 288
7 293
8 10
8 12
8 14
8 15
8 17
8 18
8 19
8 20
8 21
8 22
8 23
8 24
8 25
8 26
8 27
8 44
8 49
8 56
8 65
8 74
8 77
8 78
8 79
8 80
8 81
8 82
8 84
8 86
8 88
8 91
8 93
8 94
8 95
8 97
8 99
8 100
8 101
8 102
8 104
8 106
8 107
8 108
8 109
8 110
8 113
8 114
8 115
8 116
8 117
8 118
8 120
8 121
8 141
8 154
8 163
8 165
8 167
8 171
8 176
8 177
8 178
8 179
8 180
8 187
8 190
8 193
8 195
8 206
8 207
8 211
8 217
8 218
8 219
8 221
8 225
8 226
8 227
8 229
8 230
8 232
8 233
8 236
8 239
8 240
8 242
8 246
8 247
8 249
8 250
8 252
8 257
8 259
8 260
8 264
8 266
8 269
8 270
8 272
8 273
8 274
8 275
8 278
8 281
8 282
8 284
8 288
8 291
8 292
8 294
8 296
9 10
9 12
9 14
9 15
9 17
9 18
9 19
9 20
9 21
9 22
9 23
9 24
9 25
9 26
9 27
9 59
9 61
9 72
9 99
9 100
9 104
9 115
9 119
9 121
9 124
9 141
9 154
9 163
9 164
9 165
9 166
9 167
9 169
9 171
9 172
9 174
9 175
9 177
9 178
9 179
9 180
9 181
9 184
9 187
9 190
9 195
9 197
9 199
9 202
9 205
9 206
9 207
9 212
9 217
9 218
9 219
9 220
9 224
9 225
9 226
9 229
9 230
9 231
9 233
9 234
9 235
9 236
9 237
9 239
9 240
9 242
9 246
9 251
9 252
9 258
9 260
9 262
9 263
9 264
9 265
9 266
9 270
9 271
9 272
9 273
9 275
9 278
9 279
9 281
9 282
9 283
9 287
9 288
9 289
9 293
9 296
10 11
10 13
10 16
10 17
10 54
10 56
10 65
10 72
10 74
10 77
10 78
10 79
10 80
10 81
10 83
10 85
10 86
10 87
10 88
10 89
10 90
10 93
10 94
10 95
10 97
10 98
10 99
10 101
10 103
10 104
10 105
10 108
10 109
10 110
10 111
10 112
10 114
10 117
10 118
10 119
10 120
10 131
10 170
10 181
10 182
10 185
10 186
10 189
10 194
10 196
10 201
10 204
10 208
10 210
10 211
10 213
10 223
10 225
10 227
10 232
10 233
10 238
10 241
10 244
10 245
10 248
10 250
10 253
10 261
10 267
10 268
10 269
10 272
10 274
10 276
10 277
10 284
10 285
10 286
10 290
10 295
10 297
10 298
10 299
10 300
11 12
11 14
11 15
11 17
11 18
11 19
11 20
11 21
11 22
11 23
11 24
11 25
11 26
11 27
11 54
11 59
11 61
11 62
11 68
11 74
11 78
11 83
11 84
11 86
11 91
11 98
11 99
11 102
11 113
11 115
11 118
11 121
11 141
11 154
11 171
11 179
11 180
11 184
11 217
11 220
11 221
11 233
11 234
11 260
11 273
11 275
11 287
12 13
12 16
12 17
12 28
12 34
12 35
12 53
12 54
12 57
12 58
12 59
12 61
12 63
12 68
12 72
12 74
12 76
12 77
12 78
12 79
12 80
12 81
12 82
12 83
12 84
12 85
12 86
12 87
12 88
12 89
12 90
12 91
12 92
12 93
12 94
12 95
12 97
12 98
12 100
12 101
12 102
12 103
12 104
12 105
12 106
12 107
12 108
12 109
12 110
12 114
12 115
12 117
12 118
12 119
12 120
12 121
12 128
12 129
12 131
12 133
12 135
12 137
12 146
12 147
12 148
12 153
12 154
12 161
12 163
12 165
12 166
12 168
12 170
12 172
12 173
12 175
12 182
12 185
12 186
12 188
12 189
12 190
12 192
12 193
12 194
12 196
12 200
12 201
12 203
12 204
12 208
12 209
12 210
12 211
12 213
12 214
12 215
12 216
12 219
12 221
12 223
12 227
12 232
12 233
12 238
12 241
12 242
12 244
12 245
12 248
12 250
12 253
12 255
12 261
12 267
12 268
12 269
12 272
12 274
12 276
12 277
12 283
12 284
12 286
12 290
12 291
12 292
12 293
12 294
12 295
12 296
12 297
12 298
12 299
12 300
13 14
13 17
13 20
13 21
13 22
13 23
13 24
13 26
13 48
13 78
13 83
13 84
13 85
13 86
13 88
13 89
13 90
13 93
13 94
13 98
13 100
13 101
13 102
13 105
13 106
13 107
13 110
13 111
13 112
13 115
13 141
13 145
13 147
13 154
13 163
13 164
13 165
13 167
13 169
13 174
13 183
13 187
13 190
13 194
13 197
13 205
13 209
13 217
13 220
13 221
13 225
13 230
13 232
13 234
13 238
13 239
13 240
13 252
13 264
13 267
13 269
13 275
13 278
13 282
13 284
13 285
13 287
13 298
14 16
14 17
14 56
14 66
14 68
14 74
14 77
14 79
14 80
14 81
14 83
14 84
14 85
14 86
14 88
14 89
14 90
14 92
14 93
14 94
14 95
14 96
14 97
14 98
14 99
14 100
14 101
14 102
14 103
14 104
14 105
14 106
14 107
14 108
14 109
14 110
14 112
14 113
14 114
14 117
14 118
14 120
14 153
14 198
14 200
14 211
14 234
14 238
14 253
14 267
14 285
14 292
14 294
14 296
14 297
14 298
14 299
14 300
15 16
15 17
15 33
15 34
15 37
15 39
15 47
15 48
15 52
15 54
15 56
15 59
15 61
15 62
15 63
15 65
15 67
15 68
15 70
15 72
15 74
15 75
15 76
15 77
15 78
15 79
15 80
15 81
15 83
15 85
15 86
15 87
15 88
15 89
15 90
15 92
15 94
15 95
15 96
15 97
15 98
15 99
15 100
15 101
15 102
15 103
15 104
15 105
15 107
15 109
15 110
15 111
15 112
15 117
15 118
15 119
15 120
15 122
15 130
15 131
15 132
15 150
15 153
15 156
15 159
15 160
15 164
15 170
15 172
15 178
15 181
15 183
15 185
15 186
15 189
15 190
15 196
15 197
15 198
15 199
15 202
15 205
15 206
15 208
15 209
15 214
15 215
15 216
15 222
15 224
15 225
15 227
15 228
15 236
15 237
15 238
15 244
15 245
15 249
15 251
15 253
15 256
15 257
15 262
15 267
15 269
15 281
15 283
15 285
15 298
15 300
16 17
16 18
16 19
16 20
16 21
16 22
16 23
16 24
16 25
16 26
16 27
16 54
16 75
16 78
16 84
16 89
16 95
16 99
16 100
16 105
16 114
16 115
16 116
16 121
16 132
16 141
16 153
16 154
16 160
16 165
16 167
16 177
16 179
16 180
16 184
16 187
16 194
16 195
16 207
16 218
16 219
16 221
16 229
16 230
16 232
16 236
16 240
16 242
16 246
16 250
16 252
16 260
16 264
16 267
16 269
16 271
16 273
16 275
16 278
16 282
16 284
16 291
16 292
16 294
16 295
16 296
16 297
17 18
17 19
17 20
17 21
17 23
17 24
17 25
17 26
17 27
17 43
17 46
17 48
17 50
17 51
17 64
17 72
17 75
17 76
17 82
17 92
17 99
17 102
17 103
17 116
17 125
17 127
17 128
17 129
17 133
17 135
17 136
17 137
17 138
17 139
17 143
17 144
17 145
17 146
17 147
17 148
17 149
17 150
17 151
17 152
17 156
17 157
17 158
17 160
17 162
17 165
17 166
17 169
17 173
17 185
17 186
17 189
17 190
17 196
17 200
17 211
17 214
17 216
17 221
17 223
17 225
17 228
17 233
17 235
17 244
17 248
17 255
17 263
17 267
17 269
17 272
17 283
17 292
17 294
17 295
17 296
17 297
17 298
17 299
18 34
18 37
18 47
18 49
18 54
18 56
18 57
18 59
18 61
18 62
18 63
18 65
18 67
18 68
18 72
18 74
18 75
18 76
18 77
18 78
18 79
18 80
18 81
18 86
18 87
18 88
18 89
18 90
18 91
18 92
18 93
18 94
18 95
18 96
18 97
18 98
18 99
18 100
18 101
18 104
18 105
18 106
18 107
18 108
18 109
18 110
18 111
18 112
18 114
18 115
18 117
18 118
18 119
18 120
18 122
18 123
18 124
18 128
18 129
18 130
18 131
18 132
18 133
18 135
18 137
18 138
18 140
18 141
18 143
18 146
18 147
18 148
18 153
18 159
18 160
18 161
18 169
18 170
18 172
18 174
18 175
18 182
18 185
18 186
18 189
18 190
18 191
18 193
18 196
18 197
18 198
18 199
18 202
18 205
18 206
18 209
18 210
18 214
18 215
18 216
18 223
18 225
18 227
18 228
18 233
18 234
18 236
18 238
18 242
18 244
18 245
18 248
18 249
18 251
18 253
18 256
18 260
18 268
18 269
18 272
18 275
18 276
18 277
18 280
18 283
18 285
18 292
18 298
18 300
19 65
19 77
19 78
19 79
19 80
19 81
19 83
19 84
19 85
19 86
19 87
19 88
19 89
19 90
19 91
19 93
19 95
19 96
19 98
19 101
19 103
19 104
19 105
19 106
19 107
19 108
19 109
19 110
19 111
19 112
19 113
19 114
19 115
19 117
19 118
19 186
19 189
19 194
19 201
19 208
19 210
19 223
19 244
19 267
19 277
19 285
19 286
19 297
19 298
19 299
19 300
20 29
20 34
20 36
20 40
20 41
20 43
20 44
20 47
20 54
20 56
20 57
20 58
20 59
20 61
20 62
20 63
20 66
20 68
20 72
20 74
20 76
20 77
20 79
20 80
20 83
20 84
20 85
20 86
20 87
20 88
20 89
20 90
20 91
20 92
20 95
20 96
20 97
20 98
20 99
20 100
20 101
20 102
20 103
20 105
20 106
20 107
20 108
20 109
20 110
20 111
20 112
20 113
20 114
20 117
20 118
20 119
20 120
20 122
20 131
20 166
20 173
20 178
20 186
20 189
20 192
20 196
20 198
20 200
20 211
20 214
20 216
20 221
20 222
20 223
20 231
20 238
20 244
20 245
20 248
20 253
20 255
20 258
20 259
20 262
20 277
20 283
20 285
20 292
20 295
20 297
20 298
20 299
20 300
21 45
21 56
21 77
21 78
21 79
21 80
21 83
21 85
21 86
21 87
21 88
21 89
21 90
21 91
21 92
21 93
21 94
21 95
21 96
21 97
21 98
21 101
21 103
21 104
21 105
21 106
21 108
21 109
21 110
21 111
21 112
21 113
21 114
21 115
21 117
21 118
21 120
21 151
21 157
21 166
21 181
21 186
21 189
21 193
21 194
21 196
21 198
21 200
21 201
21 203
21 204
21 208
21 211
21 213
21 216
21 219
21 222
21 223
21 228
21 238
21 243
21 244
21 245
21 247
21 248
21 250
21 253
21 254
21 267
21 268
21 269
21 272
21 274
21 277
21 278
21 284
21 285
21 286
21 292
21 293
21 295
21 297
21 298
21 299
21 300
22 77
22 79
22 80
22 81
22 83
22 84
22 86
22 87
22 91
22 92
22 93
22 94
22 95
22 96
22 97
22 98
22 99
22 100
22 103
22 104
22 108
22 109
22 110
22 113
22 115
22 117
22 118
22 120
22 121
22 134
22 147
22 175
22 177
22 179
22 186
22 188
22 189
22 193
22 194
22 195
22 204
22 210
22 213
22 221
22 223
22 231
22 244
22 246
22 247
22 249
22 250
22 256
22 260
22 261
22 267
22 273
22 285
22 286
22 288
22 290
22 291
22 292
22 294
22 295
22 296
22 297
22 298
22 299
22 300
23 35
23 53
23 54
23 56
23 59
23 61
23 72
23 74
23 79
23 80
23 81
23 83
23 84
23 85
23 87
23 88
23 89
23 91
23 92
23 93
23 94
23 95
23 96
23 97
23 98
23 99
23 100
23 101
23 102
23 103
23 104
23 105
23 106
23 107
23 108
23 109
23 110
23 111
23 112
23 113
23 114
23 117
23 118
23 120
23 153
23 166
23 170
23 173
23 182
23 185
23 186
23 188
23 189
23 192
23 194
23 196
23 198
23 200
23 201
23 203
23 204
23 210
23 211
23 213
23 214
23 216
23 219
23 221
23 223
23 230
23 233
23 234
23 238
23 241
23 244
23 245
23 248
23 253
23 255
23 261
23 269
23 272
23 274
23 276
23 277
23 283
23 285
23 290
23 291
23 292
23 293
23 294
23 295
23 296
23 297
23 298
23 299
23 300
24 48
24 67
24 74
24 76
24 79
24 80
24 81
24 83
24 84
24 86
24 87
24 88
24 91
24 92
24 93
24 94
24 95
24 96
24 97
24 98
24 102
24 103
24 104
24 108
24 109
24 110
24 113
24 114
24 115
24 117
24 118
24 120
24 121
24 124
24 147
24 148
24 153
24 166
24 170
24 173
24 175
24 177
24 179
24 180
24 182
24 184
24 185
24 186
24 188
24 189
24 192
24 193
24 195
24 196
24 200
24 201
24 207
24 210
24 211
24 214
24 216
24 221
24 223
24 229
24 231
24 233
24 238
24 244
24 245
24 246
24 247
24 248
24 249
24 250
24 253
24 256
24 260
24 261
24 267
24 269
24 273
24 274
24 276
24 277
24 283
24 286
24 288
24 290
24 292
24 294
24 295
24 297
24 299
24 300
25 28
25 34
25 37
25 45
25 49
25 56
25 58
25 59
25 61
25 65
25 68
25 69
25 70
25 74
25 77
25 79
25 80
25 83
25 84
25 85
25 86
25 87
25 88
25 89
25 90
25 91
25 92
25 93
25 94
25 96
25 97
25 98
25 99
25 103
25 104
25 105
25 106
25 107
25 108
25 111
25 112
25 113
25 114
25 115
25 118
25 120
25 121
25 131
25 140
25 155
25 161
25 170
25 182
25 185
25 186
25 189
25 192
25 194
25 196
25 198
25 200
25 204
25 210
25 211
25 213
25 223
25 233
25 238
25 241
25 244
25 245
25 250
25 253
25 261
25 267
25 269
25 272
25 274
25 276
25 277
25 278
25 282
25 284
25 285
25 286
25 298
25 299
25 300
26 76
26 79
26 81
26 82
26 83
26 87
26 92
26 96
26 115
26 119
26 121
26 147
26 170
26 172
26 173
26 175
26 177
26 179
26 180
26 182
26 184
26 185
26 186
26 188
26 189
26 191
26 192
26 193
26 195
26 198
26 200
26 201
26 203
26 204
26 207
26 209
26 216
26 221
26 223
26 229
26 231
26 241
26 244
26 246
26 247
26 248
26 249
26 250
26 254
26 256
26 260
26 261
26 273
26 276
26 285
26 286
26 288
26 290
26 291
26 292
26 294
26 295
26 296
26 297
26 300
27 34
27 40
27 74
27 77
27 78
27 79
27 81
27 83
27 84
27 85
27 86
27 87
27 89
27 90
27 91
27 92
27 93
27 94
27 96
27 97
27 98
27 103
27 104
27 106
27 108
27 109
27 110
27 111
27 112
27 113
27 114
27 115
27 118
27 120
27 124
27 161
27 168
27 170
27 182
27 185
27 186
27 189
27 194
27 196
27 201
27 204
27 208
27 210
27 213
27 223
27 232
27 233
27 238
27 241
27 244
27 245
27 248
27 250
27 253
27 261
27 267
27 269
27 274
27 276
27 277
27 285
27 290
27 299
27 300
28 82
28 103
28 115
28 127
28 133
28 141
28 149
28 153
28 159
28 161
28 186
28 189
28 221
28 233
28 244
28 269
28 295
28 297
28 299
28 300
29 114
29 115
29 125
29 127
29 131
29 132
29 141
29 149
29 153
29 159
29 161
29 186
29 221
29 233
29 269
30 76
30 77
30 80
30 81
30 83
30 89
30 94
30 99
30 102
30 103
30 104
30 113
30 114
30 125
30 127
30 128
30 130
30 131
30 132
30 133
30 139
30 141
30 147
30 149
30 153
30 156
30 159
30 161
30 221
30 233
31 82
31 115
31 122
31 125
31 127
31 129
31 130
31 131
31 132
31 133
31 136
31 137
31 142
31 143
31 145
31 146
31 147
31 148
31 149
31 153
31 155
31 157
31 159
31 160
31 161
31 221
31 233
31 296
32 82
32 91
32 95
32 103
32 115
32 117
32 122
32 127
32 130
32 131
32 133
32 141
32 145
32 146
32 147
32 153
32 159
32 162
32 221
32 233
33 35
33 48
33 83
33 114
33 115
33 117
33 119
33 127
33 131
33 132
33 133
33 141
33 152
33 153
33 161
33 186
33 208
33 209
33 211
33 217
33 221
33 222
33 233
33 240
33 269
33 299
34 47
34 53
34 64
34 80
34 81
34 83
34 87
34 95
34 100
34 102
34 103
34 104
34 106
34 114
34 117
34 119
34 120
34 127
34 130
34 133
34 141
34 153
34 154
34 159
34 161
34 186
34 189
34 194
34 204
34 213
34 221
34 223
34 233
34 244
34 250
34 267
34 269
35 37
35 38
35 50
35 56
35 64
35 75
35 79
35 82
35 90
35 109
35 114
35 115
35 122
35 125
35 127
35 130
35 131
35 133
35 141
35 153
35 186
35 196
35 203
35 216
35 221
35 233
35 235
35 272
35 295
35 296
36 82
36 85
36 89
36 115
36 125
36 127
36 132
36 133
36 139
36 141
36 149
36 152
36 159
36 161
36 221
36 233
37 76
37 82
37 84
37 85
37 90
37 93
37 105
37 108
37 109
37 111
37 112
37 114
37 115
37 117
37 125
37 127
37 131
37 133
37 141
37 145
37 152
37 154
37 161
37 211
37 221
37 222
37 233
38 84
38 93
38 103
38 105
38 108
38 115
38 117
38 127
38 133
38 141
38 149
38 152
38 153
38 161
38 209
38 211
38 217
38 221
38 222
38 233
38 240
39 82
39 102
39 103
39 115
39 116
39 120
39 123
39 124
39 126
39 127
39 129
39 131
39 132
39 133
39 134
39 135
39 136
39 137
39 139
39 140
39 142
39 144
39 145
39 146
39 147
39 148
39 149
39 150
39 151
39 152
39 153
39 155
39 157
39 158
39 159
39 160
39 161
39 162
39 221
39 233
39 269
39 295
40 80
40 81
40 83
40 94
40 102
40 103
40 114
40 115
40 127
40 130
40 133
40 136
40 139
40 141
40 145
40 149
40 153
40 156
40 159
40 161
40 162
40 196
40 211
40 214
40 217
40 221
40 233
40 238
40 278
40 283
40 294
40 298
41 82
41 85
41 89
41 115
41 125
41 128
41 131
41 133
41 135
41 136
41 137
41 138
41 141
41 146
41 147
41 153
41 157
41 161
41 211
41 221
41 233
41 272
42 82
42 115
42 122
42 125
42 127
42 128
42 129
42 130
42 131
42 133
42 136
42 139
42 144
42 145
42 147
42 149
42 153
42 155
42 158
42 159
42 161
42 162
42 221
42 233
42 272
43 81
43 82
43 83
43 114
43 115
43 117
43 122
43 130
43 131
43 141
43 152
43 153
43 159
43 161
43 211
43 221
43 233
43 272
43 299
44 80
44 81
44 83
44 102
44 103
44 106
44 113
44 114
44 124
44 125
44 127
44 128
44 129
44 130
44 133
44 136
44 141
44 145
44 149
44 153
44 157
44 161
44 162
44 211
44 216
44 217
44 221
44 233
44 248
45 50
45 75
45 76
45 81
45 94
45 95
45 99
45 102
45 103
45 114
45 117
45 120
45 125
45 127
45 130
45 131
45 132
45 139
45 141
45 149
45 153
45 159
45 161
45 211
45 233
45 291
46 82
46 115
46 122
46 125
46 131
46 133
46 141
46 146
46 154
46 157
46 160
46 161
46 162
46 221
46 233
46 293
47 82
47 103
47 115
47 116
47 123
47 124
47 125
47 126
47 127
47 129
47 132
47 133
47 134
47 135
47 136
47 137
47 138
47 139
47 140
47 142
47 143
47 144
47 145
47 147
47 149
47 150
47 151
47 152
47 153
47 155
47 157
47 158
47 159
47 160
47 161
47 181
47 186
47 214
47 221
47 225
47 233
47 235
47 269
47 272
47 283
47 292
47 293
47 297
47 299
47 300
48 53
48 54
48 56
48 78
48 79
48 82
48 83
48 89
48 90
48 101
48 103
48 107
48 112
48 114
48 115
48 116
48 131
48 141
48 145
48 148
48 153
48 157
48 158
48 161
48 175
48 180
48 221
48 229
48 233
48 247
48 249
48 256
48 260
48 273
48 283
49 80
49 81
49 87
49 95
49 103
49 110
49 114
49 115
49 116
49 130
49 131
49 132
49 133
49 139
49 141
49 145
49 153
49 158
49 161
49 221
49 233
49 269
49 295
50 59
50 63
50 111
50 112
50 115
50 117
50 121
50 122
50 130
50 131
50 133
50 141
50 153
50 161
50 211
50 217
50 221
50 222
50 233
50 240
51 80
51 81
51 83
51 91
51 103
51 113
51 114
51 124
51 125
51 127
51 130
51 131
51 133
51 139
51 141
51 143
51 145
51 146
51 147
51 149
51 153
51 155
51 156
51 159
51 189
51 221
51 233
52 103
52 115
52 116
52 124
52 125
52 127
52 128
52 129
52 131
52 132
52 133
52 134
52 135
52 136
52 137
52 138
52 139
52 140
52 141
52 142
52 143
52 144
52 145
52 146
52 147
52 148
52 149
52 151
52 153
52 155
52 156
52 157
52 159
52 160
52 162
52 221
52 233
52 269
52 299
53 82
53 115
53 116
53 122
53 123
53 124
53 125
53 126
53 127
53 129
53 130
53 131
53 132
53 133
53 134
53 135
53 136
53 137
53 138
53 139
53 140
53 142
53 143
53 144
53 145
53 146
53 147
53 148
53 149
53 150
53 152
53 153
53 155
53 157
53 158
53 159
53 160
53 161
53 162
53 221
53 233
53 235
53 272
53 300
54 82
54 115
54 116
54 119
54 122
54 124
54 125
54 126
54 127
54 128
54 129
54 130
54 132
54 133
54 134
54 135
54 136
54 138
54 139
54 140
54 142
54 143
54 144
54 145
54 146
54 147
54 148
54 149
54 150
54 152
54 153
54 154
54 156
54 157
54 158
54 159
54 160
54 161
54 162
54 186
54 221
54 233
54 262
54 272
54 296
55 79
55 80
55 82
55 90
55 109
55 114
55 115
55 117
55 122
55 130
55 131
55 136
55 141
55 145
55 147
55 148
55 153
55 159
55 161
55 221
55 272
56 81
56 84
56 94
56 95
56 100
56 103
56 116
56 117
56 119
56 123
56 126
56 127
56 129
56 132
56 133
56 134
56 135
56 136
56 137
56 138
56 139
56 140
56 142
56 144
56 145
56 146
56 147
56 148
56 149
56 150
56 152
56 153
56 156
56 157
56 158
56 159
56 160
56 162
56 168
56 186
56 189
56 204
56 213
56 221
56 223
56 228
56 233
56 244
56 267
56 269
56 272
56 277
56 283
56 291
56 295
56 296
57 82
57 115
57 116
57 123
57 124
57 125
57 126
57 127
57 128
57 129
57 131
57 132
57 133
57 134
57 135
57 136
57 137
57 138
57 139
57 142
57 143
57 144
57 145
57 146
57 147
57 148
57 149
57 150
57 151
57 152
57 153
57 157
57 158
57 159
57 160
57 162
57 221
57 233
57 235
57 272
57 300
58 115
58 116
58 124
58 125
58 126
58 127
58 128
58 132
58 133
58 134
58 135
58 136
58 138
58 139
58 140
58 142
58 143
58 144
58 145
58 146
58 148
58 149
58 150
58 151
58 152
58 153
58 155
58 156
58 157
58 158
58 160
58 161
58 162
58 166
58 180
58 186
58 207
58 221
58 233
58 235
58 253
58 272
58 295
59 76
59 82
59 83
59 102
59 103
59 114
59 115
59 121
59 132
59 133
59 141
59 153
59 159
59 164
59 182
59 186
59 189
59 194
59 196
59 204
59 210
59 213
59 216
59 222
59 223
59 235
59 244
59 248
59 261
59 269
59 272
59 276
59 295
59 299
60 82
60 115
60 121
60 130
60 131
60 132
60 133
60 139
60 141
60 150
60 153
60 158
60 159
60 161
60 211
60 217
60 221
60 233
60 269
61 82
61 93
61 115
61 127
61 130
61 131
61 133
61 134
61 139
61 141
61 145
61 152
61 153
61 156
61 161
61 186
61 189
61 211
61 222
61 233
61 269
61 272
62 76
62 81
62 91
62 94
62 103
62 115
62 116
62 121
62 124
62 125
62 127
62 128
62 129
62 131
62 132
62 133
62 135
62 136
62 137
62 138
62 139
62 140
62 141
62 142
62 144
62 145
62 146
62 147
62 148
62 149
62 152
62 153
62 155
62 157
62 158
62 160
62 162
62 221
62 233
62 235
62 272
62 283
62 293
62 297
62 299
62 300
63 76
63 81
63 95
63 103
63 106
63 114
63 115
63 127
63 132
63 133
63 141
63 153
63 159
63 221
63 233
63 269
63 272
63 295
64 84
64 98
64 108
64 115
64 116
64 122
64 124
64 126
64 127
64 128
64 129
64 130
64 133
64 136
64 139
64 140
64 141
64 144
64 146
64 147
64 152
64 153
64 155
64 156
64 158
64 161
64 162
64 208
64 209
64 221
64 222
64 229
64 233
64 240
64 247
64 286
64 288
65 82
65 87
65 91
65 114
65 115
65 116
65 121
65 132
65 133
65 134
65 141
65 153
65 159
65 161
65 221
65 233
65 292
65 294
65 295
65 297
65 299
65 300
66 82
66 103
66 115
66 124
66 125
66 127
66 128
66 131
66 132
66 133
66 139
66 141
66 156
66 159
66 161
66 162
66 221
66 233
67 82
67 114
67 115
67 116
67 126
67 131
67 133
67 141
67 153
67 161
67 209
67 221
67 233
67 260
68 76
68 79
68 81
68 82
68 92
68 95
68 100
68 103
68 106
68 108
68 109
68 113
68 114
68 116
68 117
68 124
68 125
68 126
68 127
68 128
68 129
68 131
68 132
68 133
68 134
68 135
68 136
68 137
68 138
68 139
68 140
68 142
68 144
68 145
68 146
68 147
68 149
68 150
68 151
68 153
68 155
68 157
68 159
68 160
68 162
68 186
68 221
68 233
68 267
68 269
69 106
69 115
69 127
69 130
69 133
69 134
69 139
69 141
69 149
69 153
69 157
69 159
69 161
69 162
69 186
69 211
69 221
69 233
69 269
70 91
70 102
70 103
70 114
70 116
70 120
70 131
70 132
70 133
70 141
70 159
70 161
70 211
70 221
70 233
70 299
71 89
71 90
71 112
71 115
71 117
71 122
71 125
71 129
71 130
71 131
71 133
71 141
71 153
71 154
71 156
71 157
71 180
71 217
71 221
71 233
71 256
71 260
72 82
72 115
72 117
72 125
72 129
72 130
72 131
72 132
72 133
72 139
72 141
72 145
72 151
72 153
72 159
72 221
72 233
72 272
73 81
73 82
73 83
73 90
73 93
73 96
73 102
73 103
73 106
73 112
73 113
73 114
73 117
73 119
73 125
73 127
73 129
73 130
73 133
73 134
73 135
73 139
73 141
73 143
73 145
73 146
73 149
73 153
73 155
73 157
73 159
73 161
73 173
73 188
73 189
73 192
73 200
73 203
73 216
73 222
73 223
73 231
73 233
73 244
73 248
73 253
73 299
74 80
74 87
74 97
74 99
74 102
74 120
74 121
74 123
74 125
74 127
74 128
74 129
74 132
74 133
74 134
74 135
74 136
74 139
74 142
74 143
74 145
74 148
74 149
74 150
74 152
74 155
74 156
74 157
74 158
74 159
74 162
74 166
74 186
74 221
74 233
74 253
74 272
74 291
74 295
74 296
74 299
74 300
75 77
75 80
75 83
75 91
75 102
75 113
75 121
75 123
75 124
75 125
75 126
75 127
75 128
75 129
75 131
75 133
75 134
75 137
75 139
75 142
75 143
75 144
75 145
75 146
75 147
75 148
75 149
75 150
75 151
75 152
75 153
75 155
75 156
75 157
75 158
75 160
75 161
75 162
75 221
75 233
75 299
76 77
76 78
76 79
76 80
76 81
76 82
76 83
76 84
76 86
76 88
76 89
76 90
76 91
76 92
76 93
76 94
76 95
76 96
76 97
76 98
76 99
76 100
76 101
76 102
76 103
76 104
76 106
76 107
76 108
76 109
76 110
76 111
76 112
76 113
76 114
76 115
76 116
76 117
76 118
76 120
76 121
76 122
76 123
76 127
76 130
76 131
76 133
76 134
76 135
76 138
76 141
76 146
76 149
76 153
76 154
76 157
76 160
76 161
76 164
76 165
76 167
76 169
76 177
76 179
76 181
76 194
76 195
76 197
76 207
76 208
76 209
76 213
76 217
76 219
76 221
76 222
76 232
76 233
76 234
76 237
76 239
76 246
76 250
76 253
76 255
76 263
76 264
76 272
76 276
76 277
76 278
76 282
76 284
76 285
76 286
76 290
76 291
76 299
76 300
77 82
77 115
77 116
77 119
77 125
77 128
77 132
77 133
77 146
77 148
77 174
77 189
77 209
77 211
77 216
77 217
77 222
77 223
77 237
77 240
77 244
77 248
77 276
77 290
77 291
77 292
77 293
77 294
77 295
77 296
77 297
77 298
77 299
77 300
78 82
78 87
78 100
78 116
78 119
78 132
78 133
78 134
78 139
78 145
78 147
78 148
78 160
78 175
78 177
78 179
78 184
78 188
78 193
78 195
78 207
78 211
78 217
78 221
78 222
78 229
78 246
78 247
78 249
78 250
78 256
78 260
78 262
78 263
78 273
78 286
78 288
78 290
78 291
78 292
78 295
78 296
78 297
78 300
79 82
79 87
79 115
79 116
79 119
79 122
79 126
79 129
79 130
79 132
79 133
79 138
79 143
79 148
79 150
79 153
79 157
79 160
79 162
79 170
79 174
79 183
79 185
79 187
79 190
79 199
79 202
79 205
79 206
79 211
79 217
79 218
79 220
79 224
79 236
79 240
79 248
79 251
79 252
79 262
79 263
79 267
79 269
79 275
79 279
79 280
79 281
79 292
79 293
79 294
79 295
79 298
80 82
80 87
80 115
80 116
80 119
80 122
80 130
80 131
80 132
80 133
80 135
80 137
80 140
80 142
80 157
80 159
80 160
80 174
80 185
80 189
80 192
80 211
80 216
80 217
80 223
80 237
80 240
80 244
80 248
80 276
80 290
80 292
80 293
80 294
80 295
80 296
80 297
80 298
80 299
80 300
81 82
81 87
81 115
81 116
81 119
81 122
81 130
81 131
81 132
81 133
81 138
81 140
81 151
81 156
81 158
81 159
81 160
81 172
81 174
81 185
81 211
81 220
81 225
81 262
81 291
81 292
81 293
81 294
81 295
81 296
81 297
81 299
81 300
82 83
82 84
82 85
82 86
82 87
82 88
82 89
82 90
82 91
82 92
82 94
82 95
82 96
82 97
82 98
82 99
82 100
82 101
82 102
82 103
82 104
82 105
82 106
82 107
82 108
82 109
82 110
82 111
82 112
82 113
82 114
82 117
82 118
82 119
82 120
82 121
82 123
82 124
82 125
82 126
82 127
82 128
82 129
82 133
82 138
82 139
82 141
82 142
82 143
82 144
82 145
82 146
82 147
82 148
82 149
82 152
82 153
82 154
82 155
82 159
82 162
82 163
82 172
82 173
82 181
82 185
82 188
82 189
82 192
82 198
82 200
82 203
82 209
82 210
82 216
82 219
82 222
82 223
82 228
82 231
82 237
82 240
82 241
82 244
82 248
82 254
82 261
82 262
82 276
82 280
82 285
82 290
82 291
82 300
83 87
83 115
83 116
83 119
83 130
83 131
83 132
83 133
83 142
83 146
83 148
83 150
83 154
83 156
83 158
83 160
83 174
83 178
83 189
83 196
83 203
83 209
83 211
83 216
83 217
83 222
83 224
83 226
83 240
83 248
83 258
83 262
83 263
83 265
83 270
83 271
83 288
83 291
83 292
83 293
83 294
83 295
83 296
83 297
83 298
83 299
83 300
84 87
84 115
84 116
84 119
84 124
84 131
84 133
84 135
84 140
84 148
84 151
84 154
84 156
84 160
84 161
84 172
84 173
84 174
84 178
84 181
84 185
84 188
84 192
84 200
84 201
84 209
84 211
84 216
84 217
84 219
84 224
84 225
84 228
84 237
84 239
84 240
84 248
84 256
84 258
84 262
84 266
84 270
84 276
84 278
84 281
84 288
84 292
84 293
84 294
84 297
84 298
85 100
85 115
85 116
85 117
85 121
85 130
85 133
85 142
85 145
85 150
85 153
85 159
85 163
85 177
85 184
85 186
85 188
85 189
85 195
85 214
85 221
85 223
85 231
85 244
85 246
85 249
85 256
85 260
85 278
85 283
85 290
85 291
85 293
85 294
85 295
85 296
85 297
85 298
85 299
85 300
86 106
86 115
86 116
86 119
86 132
86 133
86 159
86 173
86 174
86 188
86 189
86 192
86 200
86 203
86 209
86 216
86 217
86 240
86 241
86 244
86 248
86 261
86 292
86 294
86 295
86 296
86 297
86 299
86 300
87 88
87 89
87 90
87 91
87 93
87 94
87 95
87 96
87 97
87 98
87 99
87 100
87 101
87 102
87 103
87 104
87 106
87 107
87 108
87 109
87 110
87 111
87 113
87 114
87 115
87 116
87 117
87 118
87 120
87 121
87 131
87 141
87 160
87 163
87 165
87 167
87 168
87 169
87 170
87 171
87 175
87 176
87 177
87 179
87 180
87 184
87 187
87 190
87 193
87 195
87 197
87 202
87 205
87 206
87 207
87 211
87 214
87 217
87 218
87 220
87 221
87 227
87 229
87 230
87 231
87 232
87 234
87 236
87 238
87 239
87 240
87 241
87 242
87 243
87 252
87 253
87 255
87 260
87 264
87 268
87 269
87 273
87 278
87 279
87 281
87 283
87 286
87 287
87 291
88 115
88 116
88 119
88 130
88 133
88 148
88 160
88 174
88 178
88 189
88 201
88 211
88 222
88 226
88 234
88 242
88 244
88 258
88 259
88 262
88 263
88 265
88 270
88 288
88 293
88 295
88 296
88 297
88 298
88 300
89 116
89 119
89 121
89 122
89 124
89 129
89 130
89 131
89 132
89 133
89 135
89 136
89 138
89 143
89 145
89 146
89 147
89 149
89 153
89 156
89 157
89 160
89 161
89 169
89 174
89 175
89 177
89 178
89 179
89 180
89 186
89 188
89 189
89 193
89 195
89 197
89 202
89 207
89 209
89 211
89 214
89 215
89 217
89 221
89 222
89 223
89 225
89 229
89 239
89 240
89 244
89 246
89 247
89 249
89 250
89 256
89 260
89 262
89 273
89 276
89 278
89 283
89 286
89 288
89 290
89 292
89 293
89 294
89 295
89 296
89 297
89 298
89 299
90 115
90 116
90 119
90 132
90 133
90 141
90 142
90 146
90 148
90 150
90 159
90 160
90 174
90 175
90 177
90 179
90 180
90 184
90 188
90 189
90 193
90 195
90 207
90 211
90 216
90 217
90 221
90 223
90 229
90 231
90 244
90 246
90 247
90 248
90 249
90 250
90 256
90 260
90 263
90 271
90 273
90 286
90 288
90 290
90 291
90 294
90 295
90 296
90 297
90 299
90 300
91 115
91 116
91 119
91 122
91 123
91 130
91 131
91 132
91 134
91 135
91 141
91 142
91 150
91 153
91 154
91 157
91 160
91 163
91 164
91 165
91 166
91 173
91 178
91 179
91 183
91 186
91 188
91 189
91 192
91 196
91 197
91 200
91 212
91 214
91 216
91 219
91 225
91 226
91 233
91 239
91 248
91 251
91 258
91 259
91 261
91 262
91 263
91 265
91 267
91 269
91 271
91 272
91 275
91 276
91 278
91 281
91 283
91 288
91 289
91 292
91 294
91 297
91 298
92 116
92 119
92 122
92 133
92 160
92 162
92 174
92 178
92 185
92 209
92 211
92 217
92 222
92 257
92 262
92 281
92 291
92 292
92 293
92 294
92 295
92 296
92 297
92 298
92 299
93 116
93 119
93 130
93 132
93 133
93 135
93 154
93 159
93 160
93 174
93 181
93 186
93 189
93 196
93 211
93 223
93 225
93 235
93 238
93 243
93 244
93 248
93 251
93 259
93 263
93 271
93 272
93 276
93 278
93 290
93 293
93 294
93 295
93 296
93 297
93 298
94 116
94 119
94 122
94 130
94 133
94 148
94 151
94 160
94 174
94 185
94 217
94 226
94 234
94 242
94 248
94 258
94 259
94 262
94 265
94 292
94 293
94 294
94 295
94 296
94 297
94 299
94 300
95 112
95 115
95 116
95 119
95 122
95 130
95 133
95 151
95 160
95 172
95 173
95 174
95 178
95 185
95 186
95 189
95 200
95 202
95 209
95 211
95 216
95 217
95 223
95 225
95 228
95 239
95 240
95 244
95 248
95 256
95 262
95 266
95 267
95 269
95 276
95 290
95 292
95 293
95 294
95 295
95 296
95 297
95 298
95 299
95 300
96 115
96 116
96 119
96 130
96 132
96 133
96 146
96 148
96 160
96 161
96 163
96 174
96 189
96 211
96 217
96 222
96 223
96 237
96 244
96 263
96 291
96 292
96 293
96 294
96 295
96 296
96 298
96 299
96 300
97 115
97 116
97 119
97 122
97 125
97 130
97 131
97 132
97 133
97 160
97 166
97 174
97 196
97 211
97 212
97 216
97 217
97 248
97 251
97 262
97 263
97 271
97 289
97 292
97 293
97 294
97 295
97 296
97 297
97 298
97 299
97 300
98 115
98 116
98 119
98 130
98 133
98 148
98 154
98 164
98 174
98 178
98 196
98 203
98 209
98 214
98 216
98 217
98 222
98 223
98 224
98 226
98 235
98 240
98 244
98 248
98 258
98 259
98 262
98 265
98 270
98 271
98 276
98 288
98 289
98 291
98 292
98 293
98 294
98 295
98 297
98 298
98 299
99 115
99 116
99 119
99 122
99 123
99 124
99 126
99 128
99 129
99 130
99 131
99 132
99 133
99 134
99 135
99 137
99 138
99 139
99 143
99 146
99 147
99 148
99 149
99 150
99 152
99 153
99 154
99 157
99 160
99 161
99 163
99 168
99 169
99 170
99 172
99 173
99 174
99 178
99 181
99 185
99 186
99 188
99 189
99 192
99 194
99 197
99 200
99 201
99 202
99 203
99 204
99 209
99 213
99 214
99 216
99 221
99 223
99 227
99 237
99 239
99 240
99 243
99 244
99 248
99 262
99 266
99 276
99 278
99 279
99 283
99 284
99 290
99 292
99 293
99 294
99 295
99 296
99 297
99 298
99 299
100 115
100 116
100 119
100 140
100 151
100 154
100 160
100 185
100 189
100 196
100 214
100 216
100 235
100 244
100 248
100 259
100 262
100 263
100 267
100 271
100 276
100 290
100 292
100 293
100 294
100 295
100 296
100 297
100 298
100 299
100 300
101 115
101 116
101 119
101 121
101 122
101 132
101 133
101 174
101 188
101 193
101 217
101 221
101 231
101 256
101 290
101 292
101 293
101 294
101 295
101 296
101 297
101 299
101 300
102 115
102 116
102 119
102 122
102 130
102 131
102 132
102 135
102 137
102 138
102 140
102 151
102 154
102 156
102 157
102 159
102 160
102 161
102 163
102 164
102 165
102 166
102 169
102 170
102 182
102 185
102 186
102 189
102 190
102 194
102 195
102 196
102 197
102 201
102 204
102 205
102 206
102 210
102 213
102 214
102 223
102 230
102 232
102 233
102 236
102 238
102 241
102 242
102 244
102 248
102 255
102 261
102 264
102 267
102 269
102 276
102 282
102 283
102 285
102 292
102 293
102 294
102 296
102 297
102 299
102 300
103 116
103 119
103 122
103 126
103 130
103 131
103 133
103 138
103 143
103 146
103 148
103 153
103 160
103 171
103 172
103 174
103 176
103 178
103 183
103 185
103 191
103 199
103 202
103 211
103 217
103 222
103 224
103 225
103 240
103 243
103 249
103 251
103 256
103 257
103 262
103 275
103 280
103 281
103 288
103 292
103 293
103 294
103 295
103 298
103 299
103 300
104 115
104 116
104 119
104 122
104 132
104 133
104 160
104 174
104 178
104 185
104 189
104 196
104 200
104 211
104 212
104 216
104 217
104 223
104 244
104 248
104 251
104 262
104 263
104 276
104 289
104 290
104 292
104 293
104 294
104 295
104 296
104 297
104 298
104 299
104 300
105 115
105 116
105 119
105 121
105 122
105 132
105 133
105 153
105 159
105 174
105 175
105 181
105 184
105 188
105 189
105 193
105 214
105 216
105 221
105 222
105 223
105 231
105 243
105 244
105 247
105 248
105 250
105 256
105 276
105 278
105 283
105 286
105 290
105 292
105 293
105 294
105 295
105 296
105 297
106 115
106 116
106 118
106 119
106 121
106 122
106 130
106 131
106 132
106 134
106 137
106 138
106 139
106 140
106 145
106 147
106 151
106 154
106 156
106 158
106 159
106 160
106 173
106 175
106 177
106 179
106 180
106 184
106 185
106 186
106 188
106 189
106 193
106 195
106 200
106 203
106 207
106 216
106 221
106 222
106 223
106 229
106 231
106 237
106 240
106 244
106 246
106 247
106 248
106 249
106 250
106 256
106 259
106 260
106 262
106 263
106 273
106 276
106 286
106 288
106 290
106 292
106 293
106 294
106 295
106 296
106 297
106 299
106 300
107 115
107 116
107 119
107 127
107 133
107 159
107 160
107 174
107 175
107 177
107 179
107 180
107 184
107 188
107 193
107 195
107 207
107 209
107 216
107 217
107 221
107 229
107 231
107 240
107 246
107 247
107 248
107 249
107 250
107 256
107 260
107 262
107 263
107 273
107 286
107 288
107 290
107 292
107 294
107 295
107 296
107 297
107 299
107 300
108 115
108 116
108 119
108 122
108 129
108 131
108 132
108 133
108 140
108 146
108 150
108 152
108 153
108 154
108 160
108 174
108 186
108 202
108 209
108 211
108 212
108 216
108 217
108 222
108 225
108 240
108 243
108 248
108 262
108 263
108 271
108 276
108 278
108 283
108 292
108 293
108 294
108 295
108 296
108 297
108 298
108 300
109 115
109 116
109 119
109 122
109 131
109 132
109 133
109 137
109 148
109 160
109 166
109 174
109 189
109 192
109 196
109 211
109 212
109 216
109 217
109 222
109 223
109 235
109 237
109 244
109 248
109 262
109 263
109 271
109 276
109 289
109 290
109 291
109 292
109 294
109 295
109 296
109 297
109 298
109 299
110 115
110 116
110 119
110 122
110 130
110 131
110 133
110 140
110 151
110 154
110 156
110 160
110 173
110 174
110 178
110 189
110 200
110 211
110 216
110 217
110 222
110 223
110 237
110 244
110 248
110 259
110 262
110 276
110 281
110 290
110 292
110 293
110 294
110 295
110 296
110 297
110 298
110 299
110 300
111 115
111 116
111 119
111 121
111 122
111 125
111 128
111 132
111 133
111 134
111 139
111 145
111 147
111 152
111 155
111 160
111 162
111 175
111 177
111 179
111 180
111 184
111 188
111 193
111 195
111 207
111 221
111 222
111 229
111 231
111 246
111 247
111 248
111 249
111 250
111 256
111 258
111 259
111 260
111 262
111 265
111 273
111 286
111 288
111 290
111 291
111 292
111 293
111 294
111 295
111 296
111 297
111 300
112 115
112 116
112 119
112 121
112 122
112 132
112 133
112 147
112 148
112 174
112 188
112 209
112 217
112 221
112 222
112 229
112 231
112 240
112 247
112 288
112 290
112 291
112 292
112 293
112 294
112 295
112 296
112 299
112 300
113 115
113 116
113 119
113 122
113 129
113 131
113 132
113 137
113 138
113 140
113 143
113 151
113 154
113 158
113 159
113 160
113 163
113 164
113 165
113 166
113 178
113 185
113 192
113 196
113 199
113 200
113 201
113 208
113 212
113 216
113 219
113 222
113 225
113 226
113 235
113 237
113 244
113 248
113 251
113 258
113 259
113 262
113 263
113 265
113 267
113 269
113 271
113 278
113 287
113 288
113 289
113 290
113 292
113 293
113 297
113 300
114 115
114 116
114 119
114 122
114 123
114 124
114 125
114 126
114 127
114 128
114 129
114 130
114 132
114 133
114 134
114 135
114 137
114 139
114 141
114 142
114 143
114 144
114 145
114 147
114 148
114 149
114 150
114 151
114 152
114 153
114 154
114 155
114 156
114 157
114 158
114 160
114 162
114 169
114 172
114 178
114 197
114 202
114 209
114 211
114 214
114 217
114 222
114 239
114 240
114 266
114 278
114 283
114 292
114 293
114 296
114 297
114 298
114 300
115 117
115 118
115 119
115 120
115 121
115 124
115 125
115 126
115 127
115 128
115 129
115 133
115 134
115 138
115 142
115 143
115 144
115 145
115 146
115 147
115 149
115 150
115 152
115 153
115 154
115 155
115 156
115 158
115 159
115 161
115 162
115 170
115 172
115 173
115 181
115 185
115 186
115 188
115 189
115 191
115 192
115 194
115 198
115 200
115 201
115 203
115 204
115 209
115 210
115 213
115 216
115 219
115 222
115 223
115 228
115 231
115 237
115 238
115 244
115 248
115 250
115 254
115 256
115 261
115 262
115 263
115 267
115 276
115 279
115 280
115 284
115 290
115 291
115 298
115 299
116 117
116 118
116 119
116 120
116 122
116 127
116 133
116 141
116 153
116 154
116 161
116 163
116 174
116 209
116 211
116 217
116 221
116 222
116 233
116 240
116 276
116 295
116 296
116 299
116 300
117 119
117 122
117 123
117 124
117 125
117 126
117 128
117 129
117 132
117 133
117 135
117 136
117 137
117 141
117 142
117 144
117 146
117 147
117 148
117 149
117 150
117 152
117 156
117 157
117 158
117 160
117 162
117 166
117 172
117 173
117 185
117 192
117 196
117 199
117 209
117 211
117 212
117 216
117 217
117 222
117 225
117 228
117 240
117 248
117 251
117 262
117 263
117 267
117 271
117 275
117 289
117 293
117 294
117 295
117 297
117 298
117 299
117 300
118 119
118 125
118 128
118 132
118 133
118 137
118 146
118 148
118 159
118 160
118 162
118 174
118 185
118 189
118 209
118 211
118 216
118 217
118 222
118 223
118 238
118 240
118 244
118 248
118 262
118 276
118 278
118 290
118 292
118 293
118 295
118 296
118 297
118 298
118 300
119 120
119 121
119 122
119 130
119 131
119 132
119 138
119 141
119 151
119 156
119 159
119 160
119 167
119 168
119 170
119 172
119 174
119 175
119 177
119 180
119 182
119 184
119 187
119 194
119 195
119 198
119 205
119 206
119 217
119 220
119 221
119 232
119 233
119 238
119 239
119 241
119 252
119 253
119 256
119 260
119 264
119 269
119 273
119 278
119 279
119 282
119 285
119 287
119 291
119 296
119 299
120 122
120 130
120 131
120 132
120 133
120 160
120 166
120 174
120 196
120 211
120 212
120 216
120 217
120 235
120 237
120 248
120 251
120 262
120 263
120 271
120 289
120 292
120 293
120 294
120 295
120 297
120 298
120 299
120 300
121 122
121 123
121 124
121 125
121 126
121 127
121 128
121 129
121 130
121 131
121 133
121 134
121 135
121 136
121 137
121 138
121 139
121 140
121 143
121 144
121 145
121 146
121 147
121 148
121 149
121 150
121 151
121 152
121 153
121 155
121 156
121 157
121 158
121 159
121 160
121 161
121 162
121 163
121 164
121 165
121 166
121 167
121 168
121 169
121 170
121 171
121 172
121 173
121 176
121 178
121 179
121 180
121 181
121 182
121 183
121 190
121 191
121 192
121 196
121 197
121 198
121 199
121 201
121 202
121 203
121 204
121 205
121 206
121 207
121 208
121 209
121 210
121 211
121 212
121 213
121 214
121 215
121 216
121 217
121 218
121 219
121 220
121 221
121 222
121 224
121 225
121 226
121 227
121 228
121 229
121 230
121 231
121 232
121 234
121 235
121 236
121 237
121 238
121 239
121 240
121 241
121 242
121 243
121 245
121 247
121 248
121 251
121 253
121 254
121 255
121 257
121 258
121 259
121 261
121 262
121 263
121 264
121 265
121 266
121 267
121 268
121 270
121 271
121 272
121 274
121 275
121 276
121 277
121 278
121 279
121 280
121 281
121 282
121 283
121 284
121 285
121 286
121 287
121 289
121 293
121 300
122 141
122 154
122 167
122 170
122 185
122 186
122 194
122 196
122 199
122 202
122 204
122 205
122 213
122 214
122 221
122 225
122 232
122 235
122 236
122 238
122 249
122 251
122 252
122 260
122 264
122 267
122 268
122 269
122 274
122 275
122 283
122 292
122 293
122 294
122 295
122 297
122 299
122 300
123 132
123 141
123 154
123 185
123 199
123 202
123 209
123 211
123 217
123 221
123 222
123 227
123 233
123 236
123 256
123 292
123 294
123 296
123 297
123 299
123 300
124 141
124 154
124 174
124 180
124 181
124 185
124 186
124 190
124 194
124 198
124 199
124 211
124 217
124 221
124 222
124 224
124 227
124 236
124 238
124 251
124 253
124 267
124 269
124 276
124 291
124 299
124 300
125 141
125 168
125 190
125 196
125 199
125 206
125 209
125 211
125 217
125 221
125 222
125 233
125 236
125 238
125 240
125 251
125 264
125 269
125 291
125 292
126 141
126 154
126 174
126 180
126 184
126 185
126 190
126 199
126 209
126 217
126 221
126 222
126 224
126 227
126 233
126 236
126 238
126 240
126 267
126 269
126 276
126 291
126 300
127 132
127 141
127 154
127 174
127 175
127 176
127 177
127 180
127 184
127 188
127 193
127 195
127 209
127 233
127 240
127 246
127 250
127 256
127 293
127 296
127 298
127 300
128 141
128 154
128 167
128 170
128 186
128 190
128 199
128 205
128 206
128 209
128 211
128 214
128 217
128 221
128 222
128 227
128 236
128 240
128 249
128 251
128 252
128 269
128 278
128 283
128 295
128 299
129 141
129 154
129 167
129 170
129 174
129 176
129 180
129 185
129 186
129 190
129 199
129 202
129 205
129 206
129 209
129 215
129 217
129 221
129 222
129 224
129 227
129 236
129 238
129 240
129 243
129 256
129 269
129 276
129 278
129 283
129 291
129 295
129 296
129 299
129 300
130 141
130 154
130 168
130 169
130 170
130 174
130 176
130 185
130 186
130 190
130 194
130 196
130 198
130 199
130 202
130 204
130 205
130 206
130 209
130 213
130 214
130 215
130 221
130 224
130 227
130 232
130 236
130 238
130 240
130 243
130 249
130 251
130 252
130 256
130 260
130 264
130 269
130 274
130 275
130 276
130 278
130 279
130 283
130 291
130 292
130 293
130 294
130 295
130 296
130 297
130 299
130 300
131 132
131 141
131 154
131 163
131 166
131 167
131 170
131 186
131 190
131 196
131 199
131 202
131 204
131 205
131 206
131 209
131 213
131 214
131 221
131 225
131 227
131 235
131 236
131 238
131 249
131 251
131 252
131 253
131 260
131 264
131 269
131 272
131 274
131 275
131 278
131 283
131 292
131 293
131 294
131 295
131 296
131 297
131 299
131 300
132 141
132 144
132 154
132 161
132 168
132 172
132 174
132 185
132 202
132 209
132 211
132 216
132 217
132 221
132 222
132 228
132 233
132 248
132 273
132 283
132 291
132 292
132 293
132 295
132 296
132 297
132 298
132 300
133 141
133 154
133 167
133 170
133 174
133 176
133 185
133 186
133 190
133 196
133 199
133 202
133 204
133 205
133 206
133 215
133 217
133 221
133 224
133 227
133 236
133 240
133 243
133 249
133 251
133 256
133 264
133 269
133 274
133 275
133 276
133 278
133 279
133 283
133 291
133 300
134 141
134 154
134 174
134 175
134 176
134 177
134 179
134 180
134 184
134 188
134 190
134 193
134 195
134 199
134 202
134 209
134 211
134 215
134 217
134 222
134 224
134 227
134 233
134 236
134 240
134 246
134 249
134 250
134 256
134 260
134 269
134 273
134 276
134 278
134 286
134 288
134 290
134 293
134 296
134 299
134 300
135 141
135 154
135 186
135 189
135 194
135 199
135 205
135 206
135 209
135 211
135 217
135 221
135 222
135 225
135 233
135 240
135 244
135 250
135 267
135 269
135 276
135 278
135 284
135 293
135 295
135 297
135 299
135 300
136 141
136 154
136 159
136 190
136 199
136 206
136 209
136 211
136 217
136 221
136 222
136 236
136 240
136 251
136 292
136 294
136 297
136 299
136 300
137 141
137 154
137 170
137 174
137 199
137 209
137 211
137 217
137 221
137 222
137 233
137 240
137 269
137 278
137 283
137 295
137 299
138 141
138 154
138 174
138 176
138 186
138 209
138 211
138 217
138 221
138 222
138 227
138 233
138 236
138 238
138 240
138 269
138 278
138 291
138 296
138 300
139 141
139 154
139 177
139 179
139 180
139 184
139 188
139 193
139 195
139 199
139 206
139 209
139 217
139 222
139 233
139 236
139 238
139 240
139 246
139 249
139 250
139 256
139 260
139 288
140 141
140 154
140 186
140 194
140 209
140 211
140 217
140 221
140 222
140 233
140 240
140 244
140 267
140 269
140 299
141 142
141 143
141 144
141 145
141 146
141 147
141 148
141 149
141 150
141 151
141 152
141 153
141 155
141 156
141 157
141 158
141 159
141 160
141 161
141 162
141 163
141 164
141 165
141 166
141 167
141 168
141 169
141 170
141 171
141 172
141 173
141 174
141 175
141 176
141 177
141 178
141 179
141 181
141 182
141 183
141 184
141 185
141 187
141 188
141 189
141 191
141 193
141 194
141 195
141 196
141 197
141 198
141 200
141 201
141 202
141 203
141 204
141 205
141 207
141 208
141 210
141 212
141 213
141 214
141 215
141 216
141 218
141 219
141 220
141 223
141 224
141 225
141 226
141 227
141 228
141 229
141 230
141 231
141 232
141 234
141 237
141 238
141 239
141 241
141 242
141 243
141 245
141 246
141 247
141 248
141 249
141 250
141 252
141 253
141 254
141 255
141 256
141 257
141 258
141 259
141 260
141 261
141 262
141 263
141 264
141 265
141 266
141 267
141 268
141 269
141 270
141 271
141 272
141 273
141 274
141 275
141 276
141 277
141 278
141 279
141 280
141 281
141 282
141 283
141 284
141 285
141 286
141 287
141 288
141 289
141 290
141 293
141 299
142 154
142 183
142 184
142 190
142 199
142 206
142 209
142 211
142 217
142 221
142 222
142 233
142 236
142 238
142 240
142 251
142 269
142 275
143 154
143 174
143 176
143 180
143 199
143 206
143 209
143 217
143 221
143 222
143 224
143 227
143 233
143 236
143 238
143 240
143 291
143 292
143 297
143 299
143 300
144 181
144 186
144 190
144 199
144 206
144 209
144 211
144 217
144 221
144 222
144 233
144 240
144 251
144 278
144 292
144 297
144 299
144 300
145 154
145 175
145 177
145 184
145 188
145 193
145 195
145 209
145 217
145 222
145 240
145 246
145 249
145 250
145 260
145 273
145 288
145 293
146 154
146 176
146 185
146 186
146 199
146 202
146 205
146 206
146 211
146 215
146 217
146 221
146 222
146 224
146 227
146 233
146 236
146 251
146 269
146 276
146 278
146 283
146 295
146 296
146 299
146 300
147 154
147 167
147 170
147 175
147 177
147 179
147 184
147 188
147 193
147 195
147 199
147 209
147 211
147 217
147 222
147 231
147 233
147 236
147 240
147 246
147 249
147 250
147 256
147 260
147 269
147 273
147 288
147 290
147 293
148 152
148 159
148 167
148 168
148 170
148 174
148 175
148 182
148 183
148 184
148 186
148 187
148 189
148 190
148 191
148 193
148 194
148 196
148 198
148 199
148 201
148 202
148 204
148 205
148 206
148 208
148 209
148 210
148 211
148 213
148 215
148 216
148 217
148 218
148 222
148 223
148 227
148 232
148 236
148 238
148 240
148 241
148 243
148 244
148 248
148 251
148 253
148 254
148 256
148 260
148 261
148 264
148 267
148 268
148 269
148 274
148 276
148 278
148 279
148 280
148 283
148 285
148 286
148 299
149 154
149 174
149 176
149 190
149 196
149 199
149 202
149 206
149 209
149 211
149 215
149 217
149 221
149 222
149 224
149 227
149 233
149 236
149 240
149 275
149 279
149 296
149 299
149 300
150 154
150 186
150 190
150 196
150 199
150 206
150 209
150 211
150 217
150 221
150 222
150 233
150 235
150 236
150 240
150 299
151 154
151 170
151 186
151 189
151 194
151 199
151 205
151 206
151 209
151 217
151 221
151 222
151 223
151 240
151 244
151 251
151 260
151 269
151 278
151 283
151 284
151 296
152 154
152 166
152 167
152 168
152 170
152 174
152 176
152 180
152 183
152 184
152 185
152 187
152 189
152 190
152 194
152 196
152 199
152 202
152 204
152 205
152 206
152 209
152 211
152 213
152 214
152 215
152 217
152 218
152 220
152 221
152 222
152 224
152 227
152 232
152 235
152 236
152 238
152 240
152 241
152 249
152 251
152 255
152 256
152 260
152 264
152 267
152 269
152 274
152 275
152 276
152 282
152 283
152 295
152 296
152 298
152 299
152 300
153 154
153 167
153 174
153 176
153 180
153 184
153 185
153 186
153 190
153 194
153 196
153 198
153 199
153 202
153 204
153 205
153 206
153 213
153 214
153 215
153 221
153 224
153 227
153 235
153 236
153 238
153 249
153 251
153 256
153 260
153 269
153 272
153 274
153 278
153 280
153 283
153 291
153 292
153 293
153 294
153 295
153 296
153 297
153 298
153 299
153 300
154 155
154 156
154 157
154 158
154 159
154 161
154 162
154 163
154 164
154 165
154 166
154 167
154 168
154 169
154 170
154 171
154 172
154 173
154 174
154 176
154 178
154 181
154 182
154 183
154 185
154 187
154 192
154 196
154 197
154 198
154 200
154 201
154 202
154 203
154 204
154 205
154 206
154 208
154 209
154 210
154 211
154 212
154 213
154 214
154 215
154 216
154 217
154 218
154 219
154 220
154 221
154 222
154 224
154 225
154 226
154 228
154 230
154 232
154 234
154 235
154 236
154 238
154 239
154 240
154 241
154 242
154 243
154 245
154 248
154 251
154 252
154 253
154 254
154 255
154 257
154 258
154 259
154 261
154 262
154 263
154 264
154 265
154 266
154 267
154 268
154 270
154 271
154 272
154 273
154 274
154 275
154 277
154 278
154 280
154 281
154 282
154 283
154 285
154 287
154 288
154 289
154 290
154 296
154 298
154 299
155 174
155 180
155 184
155 185
155 186
155 198
155 199
155 202
155 211
155 217
155 221
155 222
155 224
155 227
155 233
155 236
155 238
155 253
155 267
155 269
155 276
155 291
155 299
156 186
156 190
156 196
156 199
156 206
156 209
156 217
156 221
156 222
156 233
156 236
156 240
156 251
156 292
156 293
156 296
156 299
157 174
157 176
157 185
157 186
157 189
157 194
157 209
157 211
157 215
157 217
157 221
157 222
157 223
157 224
157 227
157 233
157 236
157 240
157 243
157 244
157 267
157 269
157 276
157 278
157 295
157 296
157 299
157 300
158 190
158 199
158 209
158 217
158 220
158 221
158 222
158 233
158 240
158 299
159 195
159 199
159 207
159 221
159 233
159 238
159 247
159 250
159 273
159 293
159 296
159 299
160 170
160 171
160 172
160 173
160 174
160 175
160 176
160 178
160 181
160 183
160 185
160 186
160 187
160 189
160 190
160 191
160 192
160 193
160 197
160 198
160 199
160 200
160 202
160 205
160 206
160 209
160 211
160 214
160 215
160 216
160 217
160 218
160 221
160 222
160 223
160 224
160 225
160 227
160 228
160 233
160 236
160 237
160 238
160 239
160 240
160 243
160 244
160 248
160 251
160 252
160 254
160 256
160 257
160 258
160 259
160 260
160 262
160 263
160 267
160 268
160 269
160 272
160 273
160 275
160 276
160 278
160 279
160 280
160 281
160 283
160 290
160 291
160 294
160 295
160 296
160 299
160 300
161 167
161 168
161 170
161 186
161 190
161 193
161 194
161 196
161 199
161 202
161 204
161 205
161 206
161 209
161 214
161 221
161 225
161 227
161 232
161 235
161 236
161 238
161 249
161 251
161 252
161 264
161 269
161 272
161 274
161 275
161 278
161 283
161 292
161 293
161 294
161 295
161 297
161 298
161 299
161 300
162 168
162 174
162 176
162 183
162 190
162 196
162 199
162 202
162 206
162 209
162 211
162 215
162 217
162 221
162 222
162 224
162 227
162 233
162 236
162 238
162 240
162 243
162 251
162 275
162 279
162 300
163 174
163 180
163 211
163 221
163 233
163 256
164 174
164 180
164 221
164 222
164 233
164 298
165 174
165 180
165 188
165 202
165 222
165 224
165 233
165 276
165 295
165 298
166 174
166 221
166 233
166 298
167 180
167 198
167 200
167 203
167 222
167 233
167 256
167 276
167 298
168 178
168 221
168 233
168 291
168 292
168 295
168 296
168 298
168 299
168 300
169 180
169 187
169 198
169 221
169 222
169 224
169 233
170 178
170 221
170 233
170 298
170 299
170 300
171 211
171 221
171 222
171 233
171 264
171 290
171 295
171 296
171 299
172 180
172 221
172 233
172 264
172 278
172 295
173 221
173 233
174 179
174 180
174 184
174 194
174 195
174 207
174 212
174 221
174 226
174 229
174 230
174 231
174 232
174 234
174 242
174 246
174 247
174 250
174 255
174 258
174 259
174 260
174 263
174 264
174 265
174 267
174 270
174 274
174 277
174 282
174 284
174 285
174 286
174 287
174 288
174 296
174 299
174 300
175 211
175 221
175 233
175 264
175 278
175 293
175 298
175 299
176 221
176 222
176 233
176 278
176 296
176 299
176 300
177 221
177 222
177 233
177 276
177 298
178 180
178 184
178 221
178 231
178 233
178 240
178 250
178 260
178 273
178 285
178 291
178 292
178 294
178 296
178 297
178 299
179 211
179 221
179 233
179 269
179 278
179 298
180 181
180 182
180 189
180 194
180 197
180 201
180 203
180 204
180 208
180 210
180 213
180 217
180 219
180 221
180 222
180 225
180 226
180 230
180 232
180 234
180 237
180 239
180 240
180 241
180 242
180 244
180 259
180 261
180 263
180 264
180 265
180 267
180 270
180 271
180 274
180 276
180 277
180 278
180 282
180 284
180 285
180 298
180 299
180 300
181 221
181 233
181 264
181 291
181 292
181 296
181 297
181 300
182 221
182 233
182 298
183 211
183 221
183 233
183 278
183 299
184 185
184 192
184 194
184 203
184 209
184 211
184 221
184 233
184 235
184 248
184 258
184 259
184 289
184 293
184 298
184 299
185 211
185 221
185 233
185 264
185 299
186 220
186 221
186 233
186 295
186 299
186 300
187 209
187 211
187 221
187 231
187 233
187 246
187 272
187 285
187 286
187 297
187 299
188 221
188 233
188 298
189 221
189 233
189 298
190 221
190 233
190 291
190 299
191 221
191 230
191 233
191 264
191 278
191 299
192 221
192 233
193 221
193 230
193 293
193 298
193 299
194 211
194 219
194 221
194 233
194 240
194 256
194 263
194 268
195 211
195 221
195 222
195 233
195 298
196 221
196 233
196 298
196 299
197 221
197 233
197 298
198 207
198 217
198 221
198 233
198 246
198 264
198 284
198 291
198 294
198 295
198 297
198 298
198 299
198 300
199 221
199 230
199 233
199 247
199 291
199 292
199 294
199 295
199 297
199 299
200 221
200 233
200 260
200 267
201 221
201 233
201 298
202 211
202 221
202 231
202 232
202 233
202 263
202 286
202 295
202 296
202 297
202 299
202 300
203 221
203 233
203 246
203 267
203 272
204 221
204 233
204 298
205 221
205 233
205 299
206 211
206 221
206 233
206 291
206 298
206 299
207 221
207 222
207 233
207 276
207 298
208 221
208 233
209 221
209 224
209 230
209 233
209 247
209 264
209 267
209 288
210 221
210 233
210 298
211 218
211 220
211 221
211 234
211 239
211 246
211 250
211 256
211 257
211 260
211 263
211 267
211 273
211 275
211 281
212 221
212 233
213 221
213 233
214 221
214 233
214 237
214 240
214 263
214 295
214 298
215 221
215 233
215 259
215 269
215 288
215 299
215 300
216 221
216 233
216 298
216 299
217 221
217 224
217 230
217 233
217 238
217 264
217 269
217 288
217 290
218 221
218 233
218 278
218 299
219 221
219 224
219 230
219 247
220 221
220 222
220 233
220 264
220 278
220 290
220 299
221 222
221 223
221 224
221 225
221 226
221 227
221 228
221 229
221 230
221 231
221 232
221 234
221 235
221 236
221 237
221 238
221 239
221 240
221 241
221 242
221 243
221 244
221 245
221 246
221 247
221 248
221 249
221 250
221 251
221 252
221 253
221 254
221 255
221 256
221 257
221 258
221 259
221 260
221 261
221 262
221 263
221 264
221 265
221 266
221 268
221 269
221 270
221 271
221 272
221 273
221 274
221 275
221 276
221 277
221 278
221 279
221 280
221 281
221 282
221 283
221 284
221 285
221 286
221 287
221 288
221 289
221 290
221 298
222 225
222 229
222 230
222 233
222 236
222 246
222 250
222 263
222 264
222 267
222 272
222 273
222 284
222 285
222 299
223 233
223 298
224 233
224 246
224 285
224 295
224 296
224 299
224 300
225 233
225 293
225 295
225 296
225 299
225 300
226 233
226 278
227 233
227 235
227 258
227 259
227 287
227 288
227 299
227 300
228 233
228 264
229 233
229 278
229 298
230 233
230 240
230 243
230 298
231 264
231 278
231 298
232 233
233 234
233 235
233 236
233 238
233 239
233 241
233 242
233 243
233 244
233 245
233 246
233 247
233 248
233 249
233 250
233 251
233 252
233 253
233 254
233 255
233 257
233 258
233 259
233 260
233 261
233 262
233 263
233 264
233 265
233 266
233 267
233 269
233 270
233 271
233 272
233 273
233 274
233 275
233 276
233 277
233 278
233 279
233 280
233 281
233 282
233 283
233 284
233 285
233 286
233 287
233 288
233 289
233 290
234 269
234 278
234 291
234 297
235 267
235 292
235 297
235 298
235 299
236 287
236 299
236 300
237 294
237 300
238 285
238 291
238 294
238 295
238 298
238 299
238 300
239 269
239 294
240 246
240 247
240 269
240 278
240 287
240 288
240 290
240 299
240 300
241 298
242 295
242 298
243 300
244 298
245 288
246 268
246 276
246 287
246 298
247 263
247 298
248 260
248 298
248 299
249 293
249 298
250 298
251 263
251 285
251 291
251 292
251 294
251 297
251 299
252 278
252 299
254 264
254 299
255 298
256 263
256 264
256 278
256 284
256 285
256 293
256 295
256 298
256 299
256 300
257 264
257 278
257 290
257 291
257 294
257 295
257 299
258 260
258 285
259 278
259 285
260 278
260 293
260 295
260 298
260 299
261 287
261 298
263 283
263 291
263 292
263 293
263 294
263 295
263 296
263 297
263 299
264 268
264 271
264 279
264 280
264 281
264 298
264 299
265 278
267 290
267 292
267 293
267 294
267 295
267 297
267 299
268 278
268 299
269 291
269 292
269 294
269 295
269 297
269 299
271 278
272 295
273 278
273 293
273 298
273 299
275 278
275 297
275 299
276 291
276 300
277 288
277 295
278 280
278 281
278 284
278 287
278 288
278 291
278 295
278 298
278 299
278 300
279 297
279 299
279 300
280 299
281 290
281 291
281 296
281 297
281 299
282 298
283 295
283 297
283 298
283 299
286 289
286 298
288 293
288 298
290 298
