heur049_n_300_m_17695
1 8
1 11
1 12
1 17
1 34
1 40
1 74
1 86
1 87
1 88
1 94
1 99
1 100
1 102
1 106
1 110
1 115
1 124
1 132
1 168
1 170
1 182
1 186
1 189
1 194
1 198
1 201
1 204
1 210
1 213
1 223
1 232
1 233
1 234
1 238
1 241
1 242
1 244
1 248
1 250
1 261
1 267
1 269
1 274
1 276
1 277
1 290
1 291
1 300
2 7
2 8
2 11
2 12
2 16
2 17
2 47
2 54
2 56
2 59
2 62
2 65
2 74
2 76
2 84
2 87
2 91
2 93
2 102
2 108
2 114
2 119
2 128
2 129
2 131
2 133
2 135
2 137
2 138
2 140
2 141
2 146
2 148
2 153
2 157
2 158
2 161
2 166
2 168
2 169
2 170
2 172
2 174
2 175
2 181
2 185
2 186
2 189
2 190
2 193
2 194
2 197
2 198
2 204
2 205
2 206
2 209
2 210
2 213
2 214
2 215
2 223
2 225
2 227
2 228
2 233
2 236
2 238
2 244
2 251
2 261
2 267
2 268
2 269
2 272
2 276
2 278
2 283
2 297
2 299
2 300
3 7
3 8
3 11
3 12
3 16
3 17
3 33
3 35
3 45
3 59
3 61
3 68
3 72
3 74
3 76
3 79
3 80
3 81
3 82
3 86
3 87
3 95
3 97
3 99
3 100
3 101
3 102
3 106
3 108
3 110
3 119
3 120
3 157
3 161
3 186
3 189
3 194
3 201
3 204
3 208
3 211
3 213
3 223
3 227
3 244
3 245
3 250
3 267
3 274
3 277
3 284
3 300
4 7
4 8
4 11
4 12
4 13
4 16
4 17
4 56
4 76
4 78
4 85
4 89
4 90
4 91
4 101
4 102
4 105
4 106
4 111
4 112
4 114
4 121
4 127
4 130
4 131
4 132
4 134
4 145
4 147
4 153
4 160
4 161
4 169
4 175
4 177
4 180
4 184
4 188
4 193
4 195
4 198
4 214
4 221
4 231
4 246
4 249
4 250
4 256
4 260
4 273
4 283
4 286
4 288
4 290
4 291
4 297
4 298
5 7
5 8
5 11
5 12
5 13
5 16
5 17
5 34
5 48
5 54
5 59
5 61
5 65
5 67
5 74
5 78
5 85
5 89
5 121
5 122
5 123
5 126
5 130
5 134
5 147
5 153
5 170
5 175
5 180
5 184
5 185
5 186
5 188
5 193
5 198
5 209
5 214
5 221
5 227
5 231
5 249
5 250
5 256
5 260
5 269
5 273
5 283
5 290
5 296
5 297
5 298
5 300
6 7
6 8
6 11
6 12
6 13
6 16
6 17
6 56
6 65
6 74
6 87
6 95
6 99
6 100
6 101
6 102
6 115
6 148
6 182
6 186
6 189
6 194
6 201
6 204
6 208
6 210
6 213
6 223
6 244
6 250
6 267
6 277
6 284
6 285
6 286
7 9
7 10
7 14
7 15
7 17
7 18
7 19
7 20
7 21
7 22
7 23
7 24
7 25
7 26
7 27
7 30
7 34
7 35
7 40
7 44
7 49
7 51
7 53
7 54
7 56
7 57
7 59
7 61
7 62
7 68
7 74
7 76
7 78
7 80
7 81
7 82
7 84
7 86
7 91
7 93
7 95
7 97
7 99
7 100
7 102
7 103
7 104
7 105
7 106
7 108
7 114
7 115
7 117
7 120
7 122
7 160
7 165
7 167
7 169
7 171
7 174
7 175
7 179
7 184
7 187
7 193
7 202
7 217
7 218
7 219
7 220
7 224
7 226
7 231
7 240
7 249
7 252
7 257
7 259
7 260
7 263
7 265
7 266
7 268
7 270
7 271
7 273
7 275
7 281
7 287
7 288
7 293
8 9
8 10
8 14
8 15
8 17
8 18
8 19
8 20
8 21
8 22
8 23
8 24
8 25
8 26
8 27
8 44
8 49
8 56
8 65
8 74
8 76
8 77
8 78
8 79
8 80
8 81
8 82
8 84
8 86
8 88
8 91
8 93
8 94
8 95
8 97
8 99
8 100
8 101
8 102
8 104
8 106
8 107
8 108
8 109
8 110
8 113
8 114
8 115
8 116
8 117
8 118
8 120
8 160
8 163
8 165
8 167
8 171
8 176
8 177
8 178
8 179
8 180
8 187
8 190
8 193
8 195
8 206
8 207
8 211
8 217
8 218
8 219
8 225
8 226
8 227
8 229
8 230
8 232
8 236
8 239
8 240
8 242
8 246
8 247
8 249
8 250
8 252
8 257
8 259
8 260
8 264
8 266
8 269
8 270
8 272
8 273
8 274
8 275
8 278
8 281
8 282
8 284
8 288
8 291
8 292
8 294
8 296
9 11
9 12
9 13
9 16
9 17
9 56
9 59
9 61
9 72
9 76
9 87
9 99
9 100
9 104
9 115
9 124
9 168
9 170
9 173
9 176
9 182
9 185
9 186
9 188
9 189
9 191
9 192
9 193
9 194
9 196
9 198
9 200
9 201
9 203
9 204
9 208
9 209
9 210
9 211
9 213
9 214
9 215
9 216
9 222
9 223
9 227
9 228
9 232
9 233
9 238
9 241
9 243
9 244
9 245
9 247
9 248
9 249
9 250
9 253
9 254
9 255
9 259
9 261
9 267
9 268
9 269
9 274
9 276
9 277
9 280
9 284
9 285
9 286
9 290
9 295
9 297
10 11
10 12
10 13
10 16
10 17
10 54
10 65
10 72
10 74
10 84
10 87
10 91
10 100
10 102
10 113
10 119
10 131
10 170
10 181
10 182
10 185
10 186
10 189
10 194
10 196
10 201
10 204
10 208
10 210
10 211
10 213
10 223
10 225
10 227
10 232
10 233
10 238
10 241
10 244
10 245
10 248
10 250
10 253
10 261
10 267
10 268
10 269
10 272
10 274
10 276
10 277
10 284
10 285
10 286
10 290
10 291
10 297
10 298
11 14
11 15
11 17
11 18
11 19
11 20
11 21
11 22
11 23
11 24
11 25
11 26
11 27
11 54
11 59
11 61
11 62
11 68
11 74
11 76
11 78
11 83
11 84
11 86
11 91
11 98
11 99
11 102
11 113
11 115
11 118
11 171
11 179
11 180
11 184
11 217
11 220
11 234
11 239
11 260
11 273
11 275
11 287
12 14
12 15
12 17
12 18
12 19
12 20
12 21
12 22
12 23
12 24
12 25
12 26
12 27
12 28
12 34
12 35
12 53
12 54
12 57
12 58
12 59
12 61
12 63
12 68
12 72
12 74
12 76
12 82
12 99
12 115
12 121
12 128
12 129
12 131
12 133
12 135
12 137
12 146
12 147
12 148
12 153
12 154
12 160
12 161
12 164
12 167
12 169
12 171
12 174
12 176
12 177
12 178
12 179
12 180
12 181
12 183
12 184
12 187
12 191
12 195
12 197
12 199
12 202
12 205
12 206
12 207
12 212
12 217
12 218
12 222
12 224
12 225
12 226
12 228
12 229
12 230
12 231
12 234
12 235
12 236
12 237
12 239
12 240
12 243
12 246
12 247
12 249
12 251
12 254
12 256
12 257
12 258
12 260
12 262
12 263
12 264
12 265
12 266
12 270
12 271
12 273
12 275
12 278
12 279
12 280
12 281
12 282
12 285
12 287
12 288
12 289
13 14
13 17
13 20
13 21
13 22
13 23
13 24
13 26
13 48
13 76
13 78
13 83
13 84
13 85
13 86
13 88
13 89
13 90
13 93
13 94
13 98
13 100
13 101
13 102
13 105
13 106
13 107
13 110
13 111
13 112
13 115
13 121
13 145
13 147
13 160
13 163
13 164
13 165
13 167
13 169
13 174
13 183
13 187
13 190
13 194
13 197
13 205
13 209
13 217
13 220
13 225
13 230
13 232
13 233
13 234
13 238
13 239
13 240
13 252
13 264
13 267
13 269
13 275
13 278
13 282
13 284
13 285
13 287
13 298
14 16
14 17
14 66
14 68
14 74
14 78
14 153
14 198
14 200
14 211
14 234
14 238
14 253
14 267
14 285
14 292
14 294
14 297
14 298
15 16
15 17
15 33
15 34
15 37
15 39
15 47
15 48
15 52
15 54
15 59
15 61
15 62
15 63
15 65
15 67
15 68
15 70
15 72
15 74
15 75
15 76
15 84
15 87
15 93
15 113
15 114
15 119
15 122
15 130
15 131
15 132
15 150
15 153
15 156
15 159
15 160
15 164
15 170
15 172
15 178
15 181
15 183
15 185
15 186
15 189
15 190
15 196
15 197
15 198
15 199
15 202
15 205
15 206
15 208
15 209
15 214
15 215
15 216
15 222
15 224
15 225
15 227
15 228
15 236
15 237
15 238
15 244
15 245
15 249
15 251
15 253
15 256
15 257
15 262
15 267
15 269
15 281
15 283
15 285
15 291
15 298
15 299
16 17
16 18
16 19
16 20
16 21
16 22
16 23
16 24
16 25
16 26
16 27
16 54
16 75
16 76
16 78
16 84
16 89
16 95
16 99
16 100
16 105
16 114
16 115
16 116
16 132
16 153
16 165
16 167
16 177
16 179
16 180
16 184
16 187
16 195
16 207
16 218
16 219
16 229
16 230
16 232
16 233
16 236
16 240
16 242
16 246
16 250
16 252
16 260
16 264
16 267
16 269
16 271
16 273
16 275
16 278
16 282
16 284
16 291
16 292
16 294
16 295
16 296
16 297
17 18
17 19
17 20
17 21
17 23
17 24
17 25
17 26
17 27
17 28
17 29
17 30
17 31
17 34
17 35
17 36
17 37
17 38
17 39
17 43
17 44
17 45
17 46
17 49
17 55
17 56
17 57
17 58
17 59
17 60
17 62
17 65
17 66
17 67
17 68
17 69
17 73
17 74
17 76
17 92
17 99
17 102
17 103
17 122
17 123
17 124
17 126
17 127
17 129
17 130
17 134
17 135
17 139
17 140
17 145
17 147
17 150
17 152
17 154
17 155
17 165
17 166
17 169
17 173
17 185
17 186
17 189
17 190
17 196
17 200
17 211
17 214
17 216
17 223
17 225
17 228
17 235
17 244
17 248
17 255
17 263
17 267
17 269
17 272
17 283
17 292
17 294
17 295
17 296
17 297
17 298
17 299
18 34
18 37
18 47
18 49
18 54
18 57
18 59
18 61
18 62
18 63
18 65
18 67
18 68
18 72
18 74
18 75
18 76
18 84
18 85
18 87
18 115
18 119
18 122
18 123
18 124
18 128
18 129
18 130
18 131
18 132
18 133
18 135
18 137
18 138
18 140
18 141
18 143
18 146
18 147
18 148
18 153
18 159
18 160
18 161
18 169
18 170
18 172
18 174
18 175
18 182
18 185
18 186
18 189
18 190
18 191
18 193
18 196
18 197
18 198
18 199
18 202
18 205
18 206
18 209
18 210
18 214
18 215
18 216
18 223
18 225
18 227
18 228
18 233
18 234
18 236
18 238
18 242
18 244
18 245
18 248
18 249
18 251
18 253
18 256
18 260
18 268
18 269
18 272
18 275
18 276
18 277
18 280
18 283
18 285
18 291
18 298
18 299
19 65
19 87
19 94
19 99
19 100
19 102
19 115
19 186
19 189
19 194
19 201
19 208
19 210
19 223
19 244
19 267
19 277
19 285
19 286
19 291
19 297
20 29
20 34
20 36
20 40
20 41
20 43
20 44
20 47
20 54
20 57
20 58
20 59
20 61
20 62
20 63
20 66
20 68
20 72
20 74
20 76
20 78
20 87
20 93
20 104
20 119
20 122
20 131
20 166
20 173
20 178
20 186
20 189
20 192
20 196
20 198
20 200
20 211
20 214
20 216
20 221
20 222
20 223
20 231
20 238
20 244
20 245
20 248
20 253
20 255
20 258
20 259
20 262
20 277
20 283
20 285
20 291
20 292
20 297
20 298
21 45
21 84
21 87
21 99
21 100
21 115
21 151
21 157
21 166
21 181
21 186
21 189
21 193
21 194
21 196
21 198
21 200
21 201
21 203
21 204
21 208
21 211
21 213
21 216
21 219
21 222
21 223
21 228
21 238
21 243
21 244
21 245
21 247
21 248
21 250
21 253
21 254
21 267
21 268
21 269
21 272
21 274
21 277
21 278
21 284
21 285
21 286
21 291
21 292
21 293
21 297
21 298
22 56
22 78
22 85
22 87
22 89
22 90
22 101
22 105
22 106
22 107
22 111
22 112
22 115
22 121
22 134
22 147
22 175
22 177
22 179
22 186
22 188
22 189
22 193
22 194
22 195
22 204
22 210
22 213
22 221
22 223
22 231
22 244
22 246
22 247
22 249
22 250
22 256
22 260
22 261
22 267
22 273
22 285
22 286
22 288
22 290
22 292
22 296
22 297
22 298
23 35
23 53
23 54
23 59
23 61
23 72
23 74
23 78
23 87
23 153
23 166
23 170
23 173
23 182
23 185
23 186
23 188
23 189
23 192
23 194
23 196
23 198
23 200
23 201
23 203
23 204
23 210
23 211
23 213
23 214
23 216
23 219
23 221
23 223
23 230
23 233
23 234
23 238
23 241
23 244
23 245
23 248
23 253
23 255
23 261
23 269
23 272
23 274
23 276
23 277
23 283
23 285
23 290
23 292
23 295
23 298
24 48
24 56
24 67
24 74
24 76
24 78
24 85
24 87
24 89
24 90
24 99
24 100
24 101
24 105
24 106
24 107
24 111
24 112
24 115
24 121
24 124
24 147
24 148
24 153
24 166
24 170
24 173
24 175
24 177
24 179
24 180
24 182
24 184
24 185
24 186
24 188
24 189
24 192
24 193
24 195
24 196
24 200
24 201
24 207
24 210
24 211
24 214
24 216
24 221
24 223
24 229
24 231
24 233
24 238
24 244
24 245
24 246
24 247
24 248
24 249
24 250
24 253
24 256
24 260
24 261
24 267
24 269
24 273
24 274
24 276
24 277
24 283
24 286
24 288
24 290
24 291
24 294
24 295
24 297
25 28
25 34
25 37
25 45
25 49
25 58
25 59
25 61
25 65
25 68
25 69
25 70
25 74
25 81
25 87
25 95
25 100
25 101
25 102
25 115
25 117
25 121
25 131
25 140
25 155
25 161
25 170
25 182
25 185
25 186
25 189
25 192
25 194
25 196
25 198
25 200
25 204
25 210
25 211
25 213
25 223
25 233
25 238
25 241
25 244
25 245
25 250
25 253
25 261
25 267
25 269
25 272
25 274
25 276
25 277
25 278
25 282
25 284
25 285
25 286
25 291
25 298
26 76
26 77
26 78
26 80
26 82
26 84
26 85
26 86
26 87
26 88
26 89
26 90
26 91
26 94
26 95
26 97
26 98
26 99
26 100
26 101
26 102
26 103
26 104
26 105
26 106
26 107
26 108
26 109
26 110
26 111
26 112
26 113
26 114
26 115
26 117
26 118
26 119
26 120
26 121
26 147
26 170
26 172
26 173
26 175
26 177
26 179
26 180
26 182
26 184
26 185
26 186
26 188
26 189
26 191
26 192
26 193
26 195
26 198
26 200
26 201
26 203
26 204
26 207
26 209
26 216
26 221
26 223
26 229
26 231
26 241
26 244
26 246
26 247
26 248
26 249
26 250
26 254
26 256
26 260
26 261
26 273
26 276
26 285
26 286
26 288
26 290
26 295
26 296
26 297
27 34
27 40
27 56
27 74
27 80
27 87
27 88
27 95
27 99
27 100
27 102
27 115
27 117
27 124
27 161
27 168
27 170
27 182
27 185
27 186
27 189
27 194
27 196
27 201
27 204
27 208
27 210
27 213
27 223
27 232
27 233
27 238
27 241
27 244
27 245
27 248
27 250
27 253
27 261
27 267
27 269
27 274
27 276
27 277
27 285
27 290
27 291
28 32
28 33
28 40
28 41
28 42
28 43
28 46
28 47
28 52
28 53
28 54
28 56
28 61
28 63
28 70
28 103
28 114
28 116
28 122
28 129
28 130
28 131
28 132
28 135
28 139
28 142
28 145
28 147
28 148
28 149
28 150
28 152
28 160
28 186
28 189
28 244
28 269
28 295
28 297
28 300
29 32
29 33
29 40
29 41
29 42
29 43
29 46
29 47
29 52
29 53
29 54
29 56
29 61
29 63
29 70
29 82
29 116
29 121
29 122
29 129
29 130
29 135
29 139
29 142
29 145
29 147
29 148
29 149
29 150
29 152
29 160
29 186
29 269
29 299
30 32
30 33
30 40
30 41
30 42
30 43
30 46
30 47
30 52
30 53
30 54
30 56
30 61
30 63
30 70
30 76
30 77
30 80
30 81
30 82
30 83
30 89
30 94
30 99
30 102
30 103
30 104
30 113
30 115
30 116
30 121
30 122
30 128
30 129
30 135
30 142
30 145
30 148
30 149
30 150
30 152
30 160
30 299
31 32
31 33
31 40
31 41
31 42
31 43
31 46
31 47
31 52
31 53
31 54
31 56
31 61
31 63
31 70
31 114
31 116
31 121
31 135
31 136
31 141
31 143
31 149
31 150
31 155
31 157
31 296
31 299
32 34
32 35
32 36
32 37
32 38
32 39
32 44
32 45
32 48
32 49
32 50
32 51
32 55
32 56
32 57
32 58
32 59
32 60
32 62
32 64
32 65
32 66
32 67
32 68
32 69
32 71
32 72
32 73
32 74
32 75
32 91
32 95
32 103
32 117
32 123
32 124
32 126
32 127
32 128
32 131
32 134
32 136
32 137
32 138
32 140
32 141
32 143
32 144
32 145
32 147
32 149
32 151
32 153
32 155
32 157
32 158
32 160
33 36
33 37
33 38
33 39
33 44
33 45
33 49
33 50
33 51
33 55
33 56
33 57
33 58
33 59
33 60
33 62
33 64
33 65
33 66
33 67
33 68
33 69
33 71
33 72
33 73
33 74
33 75
33 82
33 83
33 114
33 116
33 117
33 119
33 123
33 124
33 126
33 127
33 128
33 130
33 131
33 132
33 134
33 136
33 137
33 138
33 140
33 141
33 143
33 144
33 146
33 149
33 151
33 152
33 153
33 154
33 155
33 156
33 157
33 158
33 160
33 161
33 162
33 186
33 208
33 209
33 211
33 217
33 222
33 240
33 269
33 299
34 40
34 41
34 42
34 43
34 46
34 52
34 54
34 56
34 61
34 63
34 64
34 70
34 80
34 81
34 82
34 83
34 87
34 95
34 100
34 102
34 103
34 104
34 106
34 115
34 116
34 117
34 119
34 120
34 121
34 122
34 125
34 129
34 131
34 132
34 135
34 139
34 142
34 145
34 147
34 148
34 150
34 152
34 154
34 160
34 186
34 189
34 194
34 204
34 213
34 223
34 244
34 250
34 267
34 269
34 299
35 38
35 40
35 41
35 42
35 43
35 46
35 47
35 50
35 52
35 53
35 54
35 61
35 63
35 64
35 70
35 75
35 79
35 90
35 109
35 116
35 121
35 129
35 132
35 135
35 139
35 142
35 145
35 147
35 148
35 150
35 152
35 159
35 160
35 161
35 186
35 196
35 203
35 216
35 235
35 272
35 295
35 296
35 299
36 40
36 41
36 42
36 43
36 46
36 47
36 52
36 53
36 54
36 56
36 61
36 63
36 70
36 85
36 89
36 114
36 116
36 121
36 122
36 129
36 131
36 135
36 142
36 145
36 147
36 148
36 149
36 150
36 160
36 299
37 40
37 41
37 42
37 43
37 46
37 47
37 52
37 53
37 54
37 56
37 61
37 63
37 70
37 76
37 84
37 85
37 90
37 93
37 105
37 108
37 109
37 111
37 112
37 116
37 117
37 121
37 122
37 129
37 130
37 132
37 135
37 139
37 142
37 147
37 148
37 150
37 154
37 159
37 160
37 211
37 222
37 299
38 40
38 41
38 42
38 43
38 46
38 47
38 52
38 53
38 54
38 56
38 61
38 63
38 70
38 84
38 93
38 103
38 105
38 108
38 114
38 116
38 117
38 121
38 122
38 125
38 129
38 130
38 132
38 135
38 142
38 145
38 147
38 148
38 149
38 150
38 159
38 160
38 209
38 211
38 217
38 222
38 240
39 40
39 41
39 42
39 43
39 46
39 47
39 52
39 53
39 54
39 56
39 61
39 63
39 70
39 102
39 103
39 114
39 120
39 121
39 122
39 123
39 124
39 126
39 130
39 134
39 136
39 137
39 140
39 141
39 144
39 146
39 149
39 151
39 155
39 157
39 158
39 269
39 295
39 299
40 44
40 45
40 48
40 49
40 50
40 51
40 55
40 56
40 57
40 58
40 59
40 60
40 62
40 64
40 65
40 66
40 67
40 68
40 69
40 71
40 72
40 73
40 74
40 75
40 80
40 81
40 82
40 83
40 94
40 102
40 103
40 114
40 116
40 122
40 123
40 124
40 126
40 128
40 134
40 137
40 138
40 139
40 140
40 141
40 143
40 144
40 145
40 146
40 151
40 154
40 155
40 157
40 158
40 159
40 160
40 161
40 196
40 211
40 214
40 217
40 238
40 278
40 283
40 294
40 298
41 44
41 45
41 48
41 49
41 50
41 51
41 55
41 56
41 57
41 58
41 59
41 60
41 62
41 64
41 65
41 66
41 67
41 68
41 69
41 71
41 72
41 73
41 74
41 75
41 85
41 89
41 116
41 122
41 123
41 124
41 125
41 126
41 131
41 134
41 135
41 140
41 141
41 143
41 144
41 147
41 149
41 151
41 153
41 154
41 155
41 156
41 158
41 160
41 161
41 162
41 211
41 272
42 44
42 45
42 48
42 49
42 50
42 51
42 55
42 56
42 57
42 58
42 59
42 60
42 62
42 64
42 65
42 66
42 67
42 68
42 69
42 71
42 72
42 73
42 74
42 75
42 116
42 123
42 124
42 125
42 127
42 129
42 131
42 134
42 137
42 139
42 140
42 143
42 145
42 146
42 147
42 151
42 153
42 154
42 156
42 157
42 159
42 160
42 272
43 44
43 45
43 48
43 49
43 50
43 51
43 55
43 56
43 57
43 58
43 59
43 60
43 62
43 64
43 65
43 66
43 67
43 68
43 69
43 71
43 72
43 73
43 74
43 75
43 81
43 83
43 114
43 116
43 117
43 123
43 124
43 126
43 128
43 131
43 134
43 136
43 137
43 138
43 140
43 141
43 143
43 144
43 146
43 149
43 151
43 152
43 153
43 155
43 156
43 157
43 158
43 159
43 160
43 162
43 211
43 272
43 299
44 46
44 47
44 52
44 53
44 56
44 61
44 63
44 70
44 80
44 81
44 82
44 83
44 102
44 103
44 106
44 113
44 115
44 116
44 121
44 122
44 128
44 132
44 135
44 139
44 142
44 147
44 148
44 149
44 152
44 159
44 160
44 162
44 211
44 216
44 217
44 248
44 299
45 46
45 47
45 50
45 52
45 53
45 54
45 56
45 61
45 63
45 70
45 75
45 76
45 81
45 82
45 94
45 95
45 99
45 102
45 103
45 115
45 116
45 117
45 120
45 121
45 122
45 129
45 135
45 142
45 145
45 147
45 148
45 149
45 150
45 152
45 160
45 211
45 291
45 299
46 48
46 49
46 50
46 51
46 55
46 56
46 57
46 58
46 59
46 60
46 62
46 64
46 65
46 66
46 67
46 68
46 69
46 71
46 72
46 73
46 74
46 75
46 116
46 123
46 124
46 125
46 126
46 128
46 131
46 134
46 136
46 137
46 138
46 140
46 141
46 143
46 151
46 155
46 156
46 158
46 161
46 293
47 48
47 49
47 50
47 51
47 55
47 56
47 57
47 58
47 59
47 60
47 62
47 64
47 65
47 66
47 67
47 68
47 69
47 71
47 72
47 73
47 74
47 75
47 103
47 122
47 125
47 127
47 130
47 135
47 139
47 142
47 145
47 147
47 150
47 152
47 153
47 154
47 156
47 159
47 161
47 181
47 186
47 214
47 225
47 235
47 269
47 272
47 283
47 292
47 293
47 297
47 299
47 300
48 52
48 63
48 70
48 78
48 79
48 83
48 89
48 90
48 101
48 103
48 107
48 112
48 121
48 122
48 125
48 127
48 129
48 130
48 132
48 133
48 135
48 139
48 142
48 150
48 152
48 159
48 160
48 175
48 180
48 229
48 247
48 249
48 256
48 260
48 273
48 283
48 299
49 52
49 53
49 54
49 56
49 61
49 63
49 70
49 80
49 81
49 82
49 87
49 95
49 103
49 110
49 121
49 122
49 125
49 127
49 129
49 135
49 142
49 147
49 148
49 150
49 152
49 158
49 160
49 269
49 295
49 299
50 52
50 53
50 54
50 56
50 59
50 61
50 70
50 82
50 111
50 112
50 116
50 117
50 125
50 127
50 129
50 132
50 135
50 139
50 142
50 145
50 147
50 148
50 150
50 152
50 159
50 160
50 211
50 217
50 222
50 240
50 299
51 52
51 53
51 54
51 56
51 61
51 63
51 70
51 80
51 81
51 82
51 83
51 91
51 103
51 113
51 115
51 116
51 122
51 124
51 132
51 135
51 142
51 143
51 148
51 149
51 150
51 152
51 155
51 156
51 160
51 189
51 299
52 55
52 56
52 57
52 58
52 59
52 60
52 62
52 64
52 65
52 66
52 67
52 68
52 69
52 71
52 72
52 73
52 74
52 75
52 82
52 103
52 122
52 123
52 125
52 127
52 129
52 130
52 131
52 139
52 141
52 142
52 145
52 147
52 148
52 153
52 154
52 159
52 269
52 299
53 55
53 56
53 57
53 58
53 59
53 60
53 62
53 64
53 65
53 66
53 67
53 68
53 69
53 71
53 72
53 73
53 74
53 75
53 125
53 127
53 129
53 131
53 132
53 139
53 142
53 145
53 148
53 150
53 152
53 153
53 159
53 161
53 235
53 272
53 300
54 55
54 56
54 57
54 58
54 59
54 60
54 62
54 64
54 65
54 66
54 67
54 68
54 69
54 71
54 72
54 73
54 74
54 75
54 119
54 125
54 127
54 129
54 132
54 135
54 142
54 145
54 147
54 148
54 150
54 151
54 153
54 159
54 161
54 186
54 262
54 272
54 296
55 56
55 61
55 63
55 70
55 79
55 80
55 90
55 109
55 116
55 117
55 121
55 125
55 127
55 129
55 132
55 135
55 136
55 139
55 142
55 150
55 152
55 160
55 272
55 299
56 57
56 58
56 59
56 60
56 61
56 62
56 63
56 64
56 65
56 66
56 67
56 68
56 69
56 70
56 71
56 72
56 73
56 74
56 75
56 81
56 82
56 84
56 94
56 95
56 100
56 103
56 115
56 117
56 119
56 122
56 124
56 130
56 131
56 151
56 155
56 168
56 186
56 189
56 204
56 213
56 223
56 228
56 244
56 267
56 269
56 272
56 277
56 283
56 291
56 292
56 293
56 294
56 297
56 298
57 61
57 63
57 70
57 121
57 122
57 123
57 124
57 126
57 128
57 130
57 134
57 136
57 137
57 141
57 143
57 144
57 146
57 149
57 151
57 155
57 157
57 158
57 161
57 235
57 272
57 299
57 300
58 61
58 63
58 70
58 114
58 121
58 122
58 124
58 126
58 128
58 130
58 131
58 134
58 136
58 138
58 140
58 141
58 143
58 149
58 151
58 155
58 156
58 157
58 158
58 159
58 162
58 166
58 180
58 186
58 207
58 235
58 253
58 272
58 295
58 299
59 61
59 63
59 70
59 76
59 83
59 102
59 103
59 116
59 122
59 125
59 127
59 129
59 130
59 131
59 135
59 139
59 142
59 145
59 147
59 148
59 150
59 152
59 160
59 161
59 164
59 182
59 186
59 189
59 194
59 196
59 204
59 210
59 213
59 216
59 222
59 223
59 233
59 235
59 244
59 248
59 261
59 269
59 272
59 276
59 295
60 61
60 63
60 70
60 114
60 116
60 129
60 135
60 142
60 145
60 147
60 148
60 152
60 160
60 211
60 217
60 269
60 299
61 62
61 64
61 65
61 66
61 67
61 68
61 69
61 71
61 72
61 73
61 74
61 75
61 93
61 116
61 122
61 123
61 124
61 126
61 127
61 128
61 131
61 136
61 137
61 138
61 139
61 140
61 141
61 143
61 144
61 145
61 146
61 149
61 151
61 152
61 153
61 154
61 155
61 157
61 158
61 160
61 162
61 186
61 189
61 211
61 222
61 269
61 272
62 63
62 70
62 76
62 81
62 82
62 91
62 94
62 103
62 122
62 124
62 128
62 130
62 136
62 137
62 138
62 140
62 144
62 146
62 149
62 150
62 155
62 157
62 159
62 161
62 162
62 235
62 272
62 283
62 293
62 297
62 300
63 64
63 65
63 66
63 67
63 68
63 69
63 71
63 72
63 73
63 74
63 75
63 76
63 81
63 82
63 95
63 103
63 106
63 114
63 116
63 122
63 123
63 124
63 126
63 127
63 128
63 130
63 132
63 134
63 136
63 137
63 138
63 140
63 141
63 143
63 144
63 146
63 149
63 151
63 154
63 155
63 156
63 157
63 158
63 160
63 162
63 269
63 272
63 295
64 70
64 82
64 84
64 98
64 108
64 121
64 124
64 125
64 126
64 128
64 135
64 136
64 142
64 144
64 146
64 148
64 150
64 156
64 158
64 159
64 160
64 162
64 208
64 209
64 222
64 229
64 240
64 247
64 286
64 288
64 299
65 70
65 87
65 91
65 125
65 127
65 129
65 130
65 131
65 135
65 139
65 142
65 145
65 147
65 148
65 150
65 152
65 160
65 292
65 294
65 295
65 297
65 300
66 70
66 103
66 114
66 116
66 121
66 122
66 129
66 130
66 135
66 142
66 145
66 147
66 148
66 150
66 152
66 156
66 160
66 162
66 299
67 70
67 121
67 122
67 125
67 126
67 127
67 129
67 130
67 132
67 135
67 139
67 142
67 145
67 147
67 148
67 150
67 152
67 160
67 209
67 260
67 299
68 70
68 76
68 79
68 81
68 92
68 95
68 100
68 103
68 106
68 108
68 109
68 113
68 115
68 117
68 121
68 122
68 124
68 126
68 128
68 130
68 134
68 136
68 137
68 138
68 140
68 141
68 146
68 149
68 151
68 152
68 155
68 157
68 161
68 162
68 186
68 267
68 269
68 299
69 70
69 106
69 114
69 116
69 121
69 122
69 125
69 129
69 131
69 132
69 135
69 142
69 145
69 147
69 148
69 149
69 150
69 152
69 160
69 162
69 186
69 211
69 269
70 71
70 72
70 73
70 74
70 75
70 82
70 91
70 102
70 103
70 114
70 115
70 120
70 122
70 123
70 124
70 126
70 128
70 130
70 132
70 134
70 136
70 137
70 138
70 140
70 141
70 143
70 144
70 146
70 149
70 151
70 155
70 156
70 157
70 158
70 159
70 160
70 162
70 211
70 299
71 89
71 90
71 112
71 114
71 116
71 117
71 127
71 132
71 135
71 139
71 142
71 145
71 147
71 148
71 150
71 152
71 154
71 156
71 157
71 159
71 160
71 180
71 217
71 256
71 260
71 299
72 114
72 116
72 117
72 121
72 122
72 135
72 142
72 147
72 148
72 150
72 152
72 160
72 272
73 81
73 83
73 90
73 93
73 96
73 102
73 103
73 106
73 112
73 113
73 115
73 116
73 117
73 119
73 121
73 122
73 132
73 142
73 143
73 146
73 147
73 148
73 150
73 152
73 155
73 160
73 173
73 188
73 189
73 192
73 200
73 203
73 216
73 221
73 222
73 223
73 231
73 244
73 248
73 253
74 80
74 82
74 87
74 97
74 99
74 102
74 114
74 115
74 120
74 122
74 128
74 130
74 131
74 134
74 136
74 141
74 143
74 153
74 156
74 157
74 158
74 160
74 161
74 162
74 166
74 186
74 253
74 272
74 291
74 295
74 296
74 300
75 77
75 80
75 82
75 83
75 91
75 102
75 113
75 114
75 115
75 116
75 122
75 123
75 124
75 126
75 128
75 130
75 132
75 134
75 137
75 138
75 141
75 143
75 144
75 146
75 149
75 151
75 155
75 156
75 157
75 158
75 159
76 87
76 114
76 119
76 123
76 127
76 131
76 134
76 135
76 138
76 146
76 149
76 153
76 157
76 160
76 161
76 163
76 166
76 168
76 170
76 171
76 172
76 173
76 174
76 175
76 176
76 178
76 180
76 182
76 183
76 185
76 186
76 187
76 188
76 189
76 190
76 191
76 192
76 193
76 196
76 198
76 199
76 200
76 201
76 202
76 203
76 204
76 205
76 206
76 210
76 212
76 214
76 215
76 216
76 218
76 220
76 221
76 223
76 224
76 225
76 226
76 227
76 228
76 230
76 231
76 233
76 235
76 236
76 238
76 240
76 241
76 243
76 244
76 245
76 247
76 248
76 249
76 251
76 252
76 254
76 256
76 257
76 258
76 259
76 260
76 261
76 262
76 265
76 266
76 267
76 268
76 269
76 270
76 271
76 273
76 274
76 275
76 279
76 280
76 281
76 283
76 287
76 288
76 289
76 299
77 114
77 119
77 122
77 125
77 128
77 130
77 132
77 146
77 148
77 174
77 189
77 209
77 211
77 216
77 217
77 222
77 223
77 237
77 240
77 244
77 248
77 276
77 290
77 291
77 300
78 87
78 114
78 115
78 119
78 122
78 130
78 132
78 134
78 139
78 145
78 147
78 148
78 160
78 175
78 177
78 179
78 184
78 188
78 193
78 195
78 207
78 211
78 217
78 221
78 222
78 229
78 246
78 247
78 249
78 250
78 256
78 260
78 262
78 263
78 273
78 286
78 288
78 290
78 291
78 293
78 294
78 298
78 300
79 87
79 114
79 119
79 126
79 129
79 132
79 138
79 143
79 148
79 150
79 153
79 157
79 160
79 162
79 170
79 174
79 183
79 185
79 187
79 190
79 199
79 202
79 205
79 206
79 211
79 217
79 218
79 220
79 224
79 236
79 240
79 248
79 251
79 252
79 262
79 263
79 267
79 269
79 275
79 279
79 280
79 281
79 297
79 299
80 87
80 114
80 119
80 131
80 132
80 135
80 137
80 140
80 142
80 157
80 159
80 160
80 174
80 185
80 189
80 192
80 211
80 216
80 217
80 223
80 237
80 240
80 244
80 248
80 276
80 290
80 300
81 87
81 114
81 119
81 131
81 132
81 138
81 140
81 151
81 156
81 158
81 159
81 160
81 172
81 174
81 185
81 211
81 220
81 225
81 262
81 291
81 300
82 87
82 114
82 119
82 121
82 131
82 132
82 133
82 134
82 135
82 136
82 137
82 140
82 141
82 150
82 151
82 154
82 156
82 157
82 158
82 160
82 161
82 163
82 172
82 173
82 181
82 185
82 188
82 189
82 192
82 198
82 200
82 203
82 209
82 210
82 216
82 219
82 221
82 222
82 223
82 228
82 231
82 233
82 237
82 240
82 241
82 244
82 248
82 254
82 261
82 262
82 276
82 280
82 285
82 290
83 87
83 114
83 119
83 131
83 132
83 142
83 146
83 148
83 150
83 154
83 156
83 158
83 160
83 174
83 178
83 189
83 196
83 203
83 209
83 211
83 216
83 217
83 222
83 224
83 226
83 240
83 248
83 258
83 262
83 263
83 265
83 270
83 271
83 288
83 300
84 87
84 114
84 119
84 122
84 124
84 130
84 131
84 135
84 140
84 148
84 151
84 154
84 156
84 160
84 161
84 172
84 173
84 174
84 178
84 181
84 185
84 188
84 192
84 200
84 201
84 209
84 211
84 216
84 217
84 219
84 224
84 225
84 228
84 237
84 239
84 240
84 248
84 256
84 258
84 262
84 266
84 270
84 276
84 278
84 281
84 288
84 295
84 296
84 299
85 114
85 117
85 121
85 122
85 142
85 145
85 150
85 153
85 159
85 163
85 177
85 184
85 186
85 188
85 189
85 195
85 214
85 221
85 223
85 231
85 244
85 246
85 249
85 256
85 260
85 278
85 283
85 290
85 291
85 300
86 106
86 114
86 119
86 122
86 130
86 132
86 159
86 173
86 174
86 188
86 189
86 192
86 200
86 203
86 209
86 216
86 217
86 240
86 241
86 244
86 248
86 261
86 300
87 88
87 89
87 90
87 91
87 93
87 94
87 95
87 96
87 97
87 98
87 99
87 100
87 101
87 102
87 103
87 104
87 106
87 107
87 108
87 109
87 110
87 111
87 113
87 114
87 115
87 116
87 117
87 118
87 120
87 131
87 154
87 163
87 165
87 167
87 168
87 169
87 170
87 171
87 175
87 176
87 177
87 179
87 180
87 184
87 187
87 190
87 193
87 195
87 197
87 202
87 205
87 206
87 207
87 211
87 214
87 217
87 218
87 220
87 227
87 229
87 230
87 231
87 232
87 233
87 234
87 236
87 238
87 239
87 240
87 241
87 242
87 243
87 252
87 253
87 255
87 260
87 264
87 268
87 269
87 273
87 278
87 279
87 281
87 283
87 286
87 287
87 291
88 114
88 119
88 148
88 160
88 174
88 178
88 189
88 201
88 211
88 222
88 226
88 234
88 242
88 244
88 258
88 259
88 262
88 263
88 265
88 270
88 288
88 292
88 294
88 300
89 114
89 119
89 121
89 124
89 129
89 131
89 132
89 135
89 136
89 138
89 143
89 145
89 146
89 147
89 149
89 153
89 156
89 157
89 160
89 161
89 169
89 174
89 175
89 177
89 178
89 179
89 180
89 186
89 188
89 189
89 193
89 195
89 197
89 202
89 207
89 209
89 211
89 214
89 215
89 217
89 221
89 222
89 223
89 225
89 229
89 239
89 240
89 244
89 246
89 247
89 249
89 250
89 256
89 260
89 262
89 273
89 276
89 278
89 283
89 286
89 288
89 290
90 114
90 119
90 122
90 130
90 132
90 141
90 142
90 146
90 148
90 150
90 159
90 160
90 174
90 175
90 177
90 179
90 180
90 184
90 188
90 189
90 193
90 195
90 207
90 211
90 216
90 217
90 221
90 223
90 229
90 231
90 244
90 246
90 247
90 248
90 249
90 250
90 256
90 260
90 263
90 271
90 273
90 286
90 288
90 290
90 291
90 293
90 298
90 300
91 114
91 119
91 123
91 131
91 132
91 133
91 134
91 135
91 141
91 142
91 150
91 153
91 154
91 157
91 160
91 163
91 164
91 165
91 166
91 173
91 178
91 179
91 183
91 186
91 188
91 189
91 192
91 196
91 197
91 200
91 212
91 214
91 216
91 219
91 225
91 226
91 233
91 239
91 248
91 251
91 258
91 259
91 261
91 262
91 263
91 265
91 267
91 269
91 271
91 272
91 275
91 276
91 278
91 281
91 283
91 288
91 289
91 296
91 299
92 114
92 115
92 119
92 130
92 160
92 162
92 174
92 178
92 185
92 209
92 211
92 217
92 222
92 257
92 262
92 281
92 291
93 114
93 119
93 122
93 132
93 135
93 154
93 159
93 160
93 174
93 181
93 186
93 189
93 196
93 211
93 223
93 225
93 235
93 238
93 243
93 244
93 248
93 251
93 259
93 263
93 271
93 272
93 276
93 278
93 290
93 299
94 114
94 115
94 119
94 148
94 151
94 160
94 174
94 185
94 217
94 226
94 234
94 242
94 248
94 258
94 259
94 262
94 265
94 300
95 114
95 119
95 151
95 160
95 172
95 173
95 174
95 178
95 185
95 186
95 189
95 200
95 202
95 209
95 211
95 216
95 217
95 223
95 225
95 228
95 239
95 240
95 244
95 248
95 256
95 262
95 266
95 267
95 269
95 276
95 290
95 300
96 114
96 119
96 122
96 132
96 146
96 148
96 160
96 161
96 163
96 174
96 189
96 211
96 217
96 222
96 223
96 237
96 244
96 263
96 300
97 114
97 119
97 125
97 131
97 132
97 160
97 166
97 174
97 196
97 211
97 212
97 216
97 217
97 248
97 251
97 262
97 263
97 271
97 289
97 300
98 114
98 119
98 122
98 148
98 154
98 164
98 174
98 178
98 196
98 203
98 209
98 214
98 216
98 217
98 222
98 223
98 224
98 226
98 235
98 240
98 244
98 248
98 258
98 259
98 262
98 265
98 270
98 271
98 276
98 288
98 289
98 291
98 296
99 114
99 119
99 123
99 124
99 126
99 128
99 129
99 131
99 132
99 134
99 135
99 137
99 138
99 139
99 143
99 146
99 147
99 148
99 149
99 150
99 152
99 153
99 154
99 157
99 160
99 161
99 163
99 168
99 169
99 170
99 172
99 173
99 174
99 178
99 181
99 185
99 186
99 188
99 189
99 192
99 194
99 197
99 200
99 201
99 202
99 203
99 204
99 209
99 213
99 214
99 216
99 221
99 223
99 227
99 237
99 239
99 240
99 243
99 244
99 248
99 262
99 266
99 276
99 278
99 279
99 283
99 284
99 290
100 114
100 119
100 133
100 140
100 151
100 154
100 160
100 185
100 189
100 196
100 214
100 216
100 235
100 244
100 248
100 259
100 262
100 263
100 267
100 271
100 276
100 290
100 300
101 114
101 119
101 121
101 132
101 174
101 188
101 193
101 217
101 221
101 231
101 256
101 290
101 298
101 300
102 114
102 119
102 131
102 132
102 135
102 137
102 138
102 140
102 151
102 154
102 156
102 157
102 159
102 160
102 161
102 163
102 164
102 165
102 166
102 169
102 170
102 182
102 185
102 186
102 189
102 190
102 194
102 195
102 196
102 197
102 201
102 204
102 205
102 206
102 210
102 213
102 214
102 223
102 230
102 232
102 233
102 236
102 238
102 241
102 242
102 244
102 248
102 255
102 261
102 264
102 267
102 269
102 276
102 282
102 283
102 285
102 298
102 300
103 114
103 119
103 126
103 131
103 138
103 143
103 146
103 148
103 153
103 160
103 171
103 172
103 174
103 176
103 178
103 183
103 185
103 191
103 199
103 202
103 211
103 217
103 222
103 224
103 225
103 240
103 243
103 249
103 251
103 256
103 257
103 262
103 275
103 280
103 281
103 288
103 296
103 300
104 114
104 119
104 130
104 132
104 160
104 174
104 178
104 185
104 189
104 196
104 200
104 211
104 212
104 216
104 217
104 223
104 244
104 248
104 251
104 262
104 263
104 276
104 289
104 290
104 300
105 114
105 119
105 121
105 130
105 132
105 153
105 159
105 174
105 175
105 181
105 184
105 188
105 189
105 193
105 214
105 216
105 221
105 222
105 223
105 231
105 243
105 244
105 247
105 248
105 250
105 256
105 276
105 278
105 283
105 286
105 290
105 298
105 299
106 114
106 118
106 119
106 121
106 131
106 132
106 133
106 134
106 137
106 138
106 139
106 140
106 145
106 147
106 151
106 154
106 156
106 158
106 159
106 160
106 173
106 175
106 177
106 179
106 180
106 184
106 185
106 186
106 188
106 189
106 193
106 195
106 200
106 203
106 207
106 216
106 221
106 222
106 223
106 229
106 231
106 237
106 240
106 244
106 246
106 247
106 248
106 249
106 250
106 256
106 259
106 260
106 262
106 263
106 273
106 276
106 286
106 288
106 290
106 300
107 114
107 119
107 122
107 127
107 159
107 160
107 174
107 175
107 177
107 179
107 180
107 184
107 188
107 193
107 195
107 207
107 209
107 216
107 217
107 221
107 229
107 231
107 240
107 246
107 247
107 248
107 249
107 250
107 256
107 260
107 262
107 263
107 273
107 286
107 288
107 290
107 293
107 298
107 300
108 114
108 119
108 129
108 130
108 131
108 132
108 140
108 146
108 150
108 152
108 153
108 154
108 160
108 174
108 186
108 202
108 209
108 211
108 212
108 216
108 217
108 222
108 225
108 240
108 243
108 248
108 262
108 263
108 271
108 276
108 278
108 283
108 299
108 300
109 114
109 119
109 131
109 132
109 137
109 148
109 160
109 166
109 174
109 189
109 192
109 196
109 211
109 212
109 216
109 217
109 222
109 223
109 235
109 237
109 244
109 248
109 262
109 263
109 271
109 276
109 289
109 290
109 291
110 114
110 119
110 131
110 140
110 151
110 154
110 156
110 160
110 173
110 174
110 178
110 189
110 200
110 211
110 216
110 217
110 222
110 223
110 237
110 244
110 248
110 259
110 262
110 276
110 281
110 290
110 300
111 114
111 119
111 121
111 125
111 128
111 130
111 132
111 134
111 139
111 145
111 147
111 152
111 155
111 160
111 162
111 175
111 177
111 179
111 180
111 184
111 188
111 193
111 195
111 207
111 221
111 222
111 229
111 231
111 246
111 247
111 248
111 249
111 250
111 256
111 258
111 259
111 260
111 262
111 265
111 273
111 286
111 288
111 290
111 291
111 298
111 300
112 114
112 119
112 121
112 130
112 132
112 147
112 148
112 174
112 188
112 209
112 217
112 221
112 222
112 229
112 231
112 240
112 247
112 288
112 290
112 291
112 298
112 300
113 114
113 119
113 129
113 130
113 131
113 132
113 137
113 138
113 140
113 143
113 151
113 154
113 158
113 159
113 160
113 163
113 164
113 165
113 166
113 178
113 185
113 192
113 196
113 199
113 200
113 201
113 208
113 212
113 216
113 219
113 222
113 225
113 226
113 235
113 237
113 244
113 248
113 251
113 258
113 259
113 262
113 263
113 265
113 267
113 269
113 271
113 278
113 287
113 288
113 289
113 290
113 296
113 298
113 299
113 300
114 115
114 116
114 117
114 118
114 119
114 120
114 121
114 122
114 125
114 127
114 129
114 130
114 132
114 133
114 135
114 136
114 138
114 139
114 140
114 142
114 145
114 146
114 147
114 148
114 150
114 152
114 153
114 154
114 160
114 169
114 172
114 178
114 197
114 202
114 209
114 211
114 214
114 217
114 222
114 239
114 240
114 266
114 278
114 283
114 291
115 119
115 121
115 131
115 132
115 135
115 137
115 140
115 148
115 151
115 154
115 157
115 160
115 170
115 172
115 173
115 181
115 185
115 186
115 188
115 189
115 191
115 192
115 194
115 198
115 200
115 201
115 203
115 204
115 209
115 210
115 213
115 216
115 219
115 221
115 222
115 223
115 228
115 231
115 233
115 237
115 238
115 244
115 248
115 250
115 254
115 256
115 261
115 262
115 263
115 267
115 276
115 279
115 280
115 284
115 290
115 298
115 299
115 300
116 119
116 122
116 123
116 124
116 125
116 126
116 128
116 129
116 131
116 132
116 134
116 135
116 136
116 137
116 138
116 140
116 141
116 142
116 143
116 144
116 145
116 146
116 147
116 148
116 149
116 150
116 151
116 152
116 154
116 155
116 156
116 157
116 158
116 159
116 160
116 162
116 163
116 174
116 209
116 211
116 217
116 222
116 240
116 276
116 291
116 295
116 296
116 299
117 119
117 123
117 124
117 125
117 126
117 128
117 129
117 130
117 132
117 135
117 136
117 137
117 141
117 142
117 144
117 146
117 147
117 148
117 149
117 150
117 152
117 156
117 157
117 158
117 160
117 162
117 166
117 172
117 173
117 185
117 192
117 196
117 199
117 209
117 211
117 212
117 216
117 217
117 222
117 225
117 228
117 240
117 248
117 251
117 262
117 263
117 267
117 271
117 275
117 289
117 300
118 119
118 122
118 125
118 128
118 130
118 132
118 137
118 146
118 148
118 159
118 160
118 162
118 174
118 185
118 189
118 209
118 211
118 216
118 217
118 222
118 223
118 238
118 240
118 244
118 248
118 262
118 276
118 278
118 290
118 299
118 300
119 120
119 122
119 130
119 131
119 132
119 138
119 151
119 154
119 156
119 159
119 167
119 168
119 170
119 172
119 174
119 175
119 177
119 180
119 182
119 184
119 187
119 194
119 195
119 198
119 205
119 206
119 217
119 220
119 232
119 238
119 239
119 240
119 241
119 253
119 256
119 260
119 264
119 269
119 273
119 278
119 279
119 282
119 285
119 287
119 291
119 296
119 299
120 131
120 132
120 160
120 166
120 174
120 196
120 211
120 212
120 216
120 217
120 235
120 237
120 248
120 251
120 262
120 263
120 271
120 289
120 300
121 122
121 125
121 127
121 129
121 130
121 131
121 133
121 135
121 139
121 145
121 147
121 148
121 150
121 152
121 153
121 154
121 159
121 160
121 161
121 175
121 177
121 184
121 185
121 186
121 188
121 189
121 193
121 194
121 195
121 221
121 223
121 244
121 246
121 249
121 250
121 256
121 260
121 269
121 273
121 288
121 290
121 293
121 300
122 123
122 124
122 125
122 126
122 127
122 128
122 129
122 131
122 132
122 134
122 135
122 136
122 137
122 138
122 139
122 140
122 141
122 142
122 143
122 144
122 145
122 146
122 147
122 148
122 149
122 150
122 151
122 152
122 153
122 154
122 155
122 156
122 157
122 158
122 159
122 160
122 161
122 162
122 167
122 170
122 185
122 186
122 194
122 196
122 199
122 202
122 204
122 205
122 213
122 214
122 225
122 232
122 233
122 235
122 236
122 238
122 249
122 251
122 252
122 260
122 264
122 267
122 268
122 269
122 274
122 275
122 283
122 291
122 292
122 293
122 294
122 295
122 297
122 299
123 125
123 127
123 129
123 130
123 131
123 133
123 135
123 139
123 142
123 145
123 147
123 148
123 150
123 152
123 153
123 154
123 159
123 160
123 161
123 185
123 199
123 202
123 209
123 211
123 217
123 222
123 227
123 236
123 256
123 292
123 294
123 296
123 297
123 300
124 125
124 127
124 129
124 130
124 131
124 132
124 133
124 135
124 139
124 142
124 145
124 147
124 148
124 150
124 152
124 153
124 154
124 159
124 160
124 161
124 174
124 180
124 181
124 185
124 186
124 190
124 194
124 198
124 199
124 211
124 217
124 222
124 224
124 227
124 236
124 238
124 251
124 253
124 267
124 269
124 276
124 291
124 300
125 126
125 128
125 130
125 133
125 134
125 136
125 137
125 138
125 140
125 141
125 143
125 144
125 146
125 149
125 151
125 154
125 155
125 156
125 157
125 158
125 160
125 162
125 168
125 190
125 196
125 199
125 206
125 209
125 211
125 217
125 222
125 236
125 238
125 240
125 251
125 264
125 269
125 291
125 292
126 127
126 129
126 130
126 131
126 132
126 133
126 135
126 139
126 142
126 145
126 147
126 148
126 150
126 152
126 153
126 154
126 159
126 160
126 161
126 174
126 180
126 184
126 185
126 190
126 199
126 209
126 217
126 222
126 224
126 227
126 236
126 238
126 240
126 267
126 269
126 276
126 291
126 299
126 300
127 128
127 130
127 133
127 134
127 136
127 137
127 138
127 140
127 141
127 143
127 144
127 146
127 149
127 151
127 155
127 156
127 157
127 158
127 160
127 162
127 174
127 175
127 176
127 177
127 180
127 184
127 188
127 193
127 195
127 209
127 221
127 240
127 246
127 250
127 256
127 293
127 296
127 298
127 300
128 129
128 130
128 131
128 132
128 133
128 135
128 139
128 142
128 145
128 147
128 148
128 150
128 152
128 153
128 154
128 159
128 160
128 161
128 167
128 170
128 186
128 190
128 199
128 205
128 206
128 209
128 211
128 214
128 217
128 222
128 227
128 233
128 236
128 240
128 249
128 251
128 252
128 269
128 278
128 283
128 295
129 130
129 133
129 134
129 136
129 137
129 138
129 140
129 141
129 143
129 144
129 146
129 149
129 151
129 155
129 156
129 157
129 158
129 160
129 162
129 167
129 170
129 174
129 176
129 180
129 185
129 186
129 190
129 199
129 202
129 205
129 206
129 209
129 215
129 217
129 222
129 224
129 227
129 233
129 236
129 238
129 240
129 243
129 256
129 269
129 276
129 278
129 283
129 291
129 295
129 296
129 299
129 300
130 131
130 134
130 135
130 136
130 137
130 138
130 139
130 140
130 141
130 142
130 143
130 144
130 145
130 146
130 147
130 148
130 149
130 150
130 151
130 152
130 153
130 154
130 155
130 156
130 157
130 158
130 159
130 160
130 161
130 162
130 168
130 169
130 170
130 174
130 176
130 185
130 186
130 190
130 194
130 196
130 198
130 199
130 202
130 204
130 205
130 206
130 209
130 213
130 214
130 215
130 224
130 227
130 232
130 233
130 236
130 238
130 240
130 243
130 249
130 251
130 252
130 256
130 260
130 264
130 269
130 274
130 275
130 276
130 278
130 279
130 283
130 292
130 293
130 294
130 295
130 296
130 297
130 299
131 132
131 133
131 134
131 136
131 137
131 138
131 140
131 141
131 143
131 144
131 146
131 149
131 151
131 155
131 156
131 157
131 158
131 160
131 162
131 163
131 166
131 167
131 170
131 186
131 190
131 196
131 199
131 202
131 204
131 205
131 206
131 209
131 213
131 214
131 225
131 227
131 233
131 235
131 236
131 238
131 249
131 251
131 252
131 253
131 260
131 264
131 269
131 272
131 274
131 275
131 278
131 283
131 292
131 293
131 294
131 295
131 296
131 297
131 299
131 300
132 133
132 134
132 136
132 137
132 138
132 140
132 141
132 143
132 146
132 149
132 151
132 155
132 156
132 157
132 158
132 160
132 161
132 162
132 168
132 172
132 174
132 185
132 202
132 209
132 211
132 216
132 217
132 222
132 228
132 248
132 273
132 283
132 291
132 292
132 293
132 295
132 296
132 297
132 298
132 300
133 134
133 135
133 136
133 137
133 138
133 139
133 140
133 141
133 142
133 143
133 144
133 145
133 146
133 147
133 148
133 149
133 150
133 151
133 152
133 153
133 154
133 155
133 156
133 157
133 158
133 159
133 160
133 161
133 162
133 167
133 170
133 174
133 176
133 185
133 186
133 190
133 196
133 199
133 202
133 204
133 205
133 206
133 215
133 217
133 224
133 227
133 233
133 236
133 240
133 243
133 249
133 251
133 256
133 264
133 269
133 274
133 275
133 276
133 278
133 279
133 283
134 135
134 139
134 142
134 145
134 147
134 148
134 150
134 152
134 153
134 154
134 159
134 160
134 161
134 174
134 175
134 176
134 177
134 179
134 180
134 184
134 188
134 190
134 193
134 195
134 199
134 202
134 209
134 211
134 215
134 217
134 221
134 222
134 224
134 227
134 236
134 240
134 246
134 249
134 250
134 256
134 260
134 269
134 273
134 276
134 278
134 286
134 288
134 290
134 293
134 296
134 300
135 136
135 137
135 138
135 140
135 141
135 143
135 144
135 146
135 149
135 151
135 155
135 156
135 157
135 158
135 160
135 162
135 186
135 189
135 194
135 199
135 205
135 206
135 209
135 211
135 217
135 222
135 225
135 240
135 244
135 250
135 267
135 269
135 276
135 278
135 284
135 293
135 295
135 297
135 299
135 300
136 139
136 142
136 145
136 147
136 148
136 150
136 152
136 153
136 154
136 160
136 161
136 190
136 199
136 206
136 209
136 211
136 217
136 222
136 236
136 240
136 251
136 292
136 294
136 297
136 300
137 139
137 142
137 145
137 147
137 148
137 150
137 152
137 153
137 154
137 159
137 160
137 161
137 170
137 174
137 199
137 209
137 211
137 217
137 222
137 240
137 269
137 278
137 283
137 295
138 139
138 142
138 145
138 147
138 148
138 150
138 152
138 153
138 154
138 159
138 160
138 161
138 174
138 176
138 186
138 209
138 211
138 217
138 222
138 227
138 236
138 238
138 240
138 269
138 278
138 291
138 296
138 299
138 300
139 140
139 141
139 143
139 144
139 146
139 149
139 151
139 155
139 156
139 157
139 158
139 160
139 162
139 177
139 179
139 180
139 184
139 188
139 193
139 195
139 199
139 206
139 209
139 217
139 221
139 222
139 236
139 238
139 240
139 246
139 249
139 250
139 256
139 260
139 288
140 142
140 145
140 147
140 148
140 150
140 152
140 153
140 154
140 159
140 160
140 161
140 186
140 194
140 209
140 211
140 217
140 222
140 240
140 244
140 267
140 269
141 142
141 145
141 147
141 148
141 150
141 152
141 153
141 154
141 159
141 160
141 161
141 186
141 190
141 199
141 206
141 209
141 217
141 222
141 235
141 236
141 240
141 251
141 293
142 143
142 144
142 146
142 149
142 151
142 155
142 156
142 157
142 158
142 160
142 162
142 183
142 184
142 190
142 199
142 206
142 209
142 211
142 217
142 222
142 236
142 238
142 240
142 251
142 269
142 275
143 145
143 147
143 148
143 150
143 152
143 153
143 154
143 159
143 160
143 161
143 174
143 176
143 180
143 199
143 206
143 209
143 217
143 222
143 224
143 227
143 236
143 238
143 240
143 291
143 292
143 297
143 300
144 145
144 147
144 148
144 150
144 152
144 153
144 159
144 160
144 161
144 181
144 186
144 190
144 199
144 206
144 209
144 211
144 217
144 222
144 240
144 251
144 278
144 292
144 297
144 300
145 146
145 149
145 151
145 155
145 156
145 157
145 158
145 160
145 162
145 175
145 177
145 184
145 188
145 193
145 195
145 209
145 217
145 221
145 222
145 240
145 246
145 249
145 250
145 260
145 273
145 288
145 293
146 147
146 148
146 150
146 152
146 153
146 154
146 159
146 160
146 161
146 176
146 185
146 186
146 199
146 202
146 205
146 206
146 211
146 215
146 217
146 222
146 224
146 227
146 236
146 251
146 269
146 276
146 278
146 283
146 295
146 296
146 300
147 149
147 151
147 155
147 156
147 157
147 158
147 160
147 162
147 167
147 170
147 175
147 177
147 179
147 184
147 188
147 193
147 195
147 199
147 209
147 211
147 217
147 221
147 222
147 231
147 236
147 240
147 246
147 249
147 250
147 256
147 260
147 269
147 273
147 288
147 290
147 293
148 149
148 151
148 152
148 154
148 155
148 156
148 157
148 158
148 159
148 160
148 162
148 167
148 168
148 170
148 174
148 175
148 182
148 183
148 184
148 186
148 187
148 189
148 190
148 191
148 193
148 194
148 196
148 198
148 199
148 201
148 202
148 204
148 205
148 206
148 208
148 209
148 210
148 211
148 213
148 215
148 216
148 217
148 218
148 222
148 223
148 227
148 232
148 233
148 236
148 238
148 240
148 241
148 243
148 244
148 248
148 251
148 253
148 254
148 256
148 260
148 261
148 264
148 267
148 268
148 269
148 274
148 276
148 278
148 279
148 280
148 283
148 285
148 286
148 299
149 150
149 152
149 153
149 154
149 160
149 161
149 174
149 176
149 190
149 196
149 199
149 202
149 206
149 209
149 211
149 215
149 217
149 222
149 224
149 227
149 236
149 240
149 275
149 279
149 296
149 300
150 151
150 155
150 156
150 157
150 158
150 160
150 162
150 186
150 190
150 196
150 199
150 206
150 209
150 211
150 217
150 222
150 235
150 236
150 240
150 299
151 152
151 153
151 154
151 159
151 160
151 161
151 170
151 186
151 189
151 194
151 199
151 205
151 206
151 209
151 217
151 222
151 223
151 233
151 240
151 244
151 251
151 260
151 269
151 278
151 283
151 284
151 296
151 299
152 155
152 156
152 157
152 158
152 160
152 162
152 166
152 167
152 168
152 170
152 174
152 176
152 180
152 183
152 184
152 185
152 187
152 189
152 190
152 194
152 196
152 199
152 202
152 204
152 205
152 206
152 209
152 211
152 213
152 214
152 215
152 217
152 218
152 220
152 222
152 224
152 227
152 232
152 233
152 235
152 236
152 238
152 240
152 241
152 249
152 251
152 255
152 256
152 260
152 264
152 267
152 269
152 274
152 275
152 276
152 282
152 283
152 295
152 296
152 298
152 299
152 300
153 155
153 156
153 157
153 158
153 160
153 162
153 167
153 174
153 176
153 180
153 184
153 185
153 186
153 190
153 194
153 196
153 198
153 199
153 202
153 204
153 205
153 206
153 213
153 214
153 215
153 224
153 227
153 233
153 235
153 236
153 238
153 249
153 251
153 256
153 260
153 269
153 272
153 274
153 278
153 280
153 283
153 291
153 292
153 293
153 294
153 295
153 296
153 297
153 298
153 299
153 300
154 155
154 156
154 157
154 158
154 162
154 175
154 177
154 179
154 180
154 184
154 186
154 188
154 189
154 190
154 193
154 194
154 195
154 199
154 207
154 221
154 223
154 229
154 231
154 244
154 246
154 247
154 249
154 250
154 256
154 260
154 269
154 276
154 284
154 286
154 296
154 298
154 299
155 159
155 160
155 161
155 174
155 180
155 184
155 185
155 186
155 198
155 199
155 202
155 211
155 217
155 222
155 224
155 227
155 236
155 238
155 253
155 267
155 269
155 276
155 291
156 159
156 160
156 161
156 186
156 190
156 196
156 199
156 206
156 209
156 217
156 222
156 236
156 240
156 251
156 292
156 293
156 296
157 159
157 160
157 161
157 174
157 176
157 185
157 186
157 189
157 194
157 209
157 211
157 215
157 217
157 222
157 223
157 224
157 227
157 236
157 240
157 243
157 244
157 267
157 269
157 276
157 278
157 295
157 296
157 300
158 159
158 160
158 161
158 190
158 199
158 209
158 217
158 220
158 222
158 240
159 160
159 162
159 195
159 199
159 207
159 238
159 247
159 250
159 273
159 293
159 296
159 299
160 161
160 162
160 163
160 164
160 165
160 166
160 167
160 168
160 169
160 177
160 179
160 180
160 182
160 184
160 188
160 195
160 196
160 201
160 203
160 204
160 207
160 208
160 210
160 212
160 213
160 219
160 220
160 221
160 226
160 229
160 230
160 231
160 233
160 235
160 241
160 242
160 245
160 246
160 247
160 249
160 250
160 253
160 255
160 261
160 264
160 265
160 266
160 270
160 271
160 274
160 277
160 282
160 284
160 285
160 286
160 287
160 288
160 289
160 291
160 294
160 295
160 296
160 299
160 300
161 162
161 167
161 168
161 170
161 186
161 190
161 193
161 194
161 196
161 199
161 202
161 204
161 205
161 206
161 209
161 214
161 225
161 227
161 232
161 233
161 235
161 236
161 238
161 249
161 251
161 252
161 264
161 269
161 272
161 274
161 275
161 278
161 283
161 292
161 293
161 294
161 295
161 297
161 298
161 299
161 300
162 168
162 174
162 176
162 183
162 190
162 196
162 199
162 202
162 206
162 209
162 211
162 215
162 217
162 222
162 224
162 227
162 236
162 238
162 240
162 243
162 251
162 275
162 279
162 299
162 300
163 174
163 180
163 211
164 174
164 180
164 222
164 298
165 174
165 180
165 188
165 203
165 222
165 224
165 276
165 295
165 298
166 174
166 298
167 180
167 198
167 200
167 203
167 221
167 222
167 256
167 276
167 298
168 178
168 291
168 292
168 295
168 296
168 298
168 299
168 300
169 180
169 187
169 198
169 222
169 224
170 178
170 298
170 299
170 300
171 211
171 222
171 264
171 290
171 295
171 296
171 299
172 180
172 264
172 278
172 295
174 179
174 180
174 184
174 194
174 195
174 207
174 212
174 226
174 229
174 230
174 231
174 232
174 233
174 234
174 242
174 246
174 247
174 255
174 258
174 259
174 260
174 263
174 264
174 265
174 267
174 270
174 274
174 277
174 282
174 284
174 285
174 286
174 287
174 288
174 296
174 299
174 300
175 211
175 264
175 278
175 293
175 298
175 299
176 222
176 278
176 296
176 299
176 300
177 222
177 298
178 180
178 184
178 231
178 240
178 250
178 273
178 285
178 291
178 292
178 294
178 296
178 297
178 299
179 211
179 269
179 278
179 298
180 181
180 182
180 189
180 194
180 197
180 201
180 203
180 204
180 208
180 213
180 217
180 219
180 222
180 225
180 226
180 230
180 232
180 233
180 234
180 237
180 239
180 240
180 241
180 242
180 244
180 259
180 261
180 263
180 264
180 265
180 267
180 270
180 271
180 274
180 276
180 277
180 278
180 282
180 284
180 285
180 298
180 299
180 300
181 264
181 291
181 292
181 296
181 297
181 300
182 298
183 211
183 278
183 299
184 185
184 192
184 194
184 209
184 211
184 235
184 248
184 258
184 259
184 289
184 293
184 298
184 299
185 211
185 264
185 299
186 220
186 295
186 299
186 300
187 209
187 211
187 272
187 286
187 297
187 299
188 298
189 298
190 291
190 299
191 230
191 264
191 278
191 299
193 194
193 230
193 233
193 293
193 298
193 299
194 211
194 219
194 237
194 240
194 256
194 263
194 268
195 211
195 222
195 298
196 298
196 299
197 298
198 207
198 217
198 246
198 264
198 272
198 284
198 291
198 294
198 295
198 297
198 298
198 299
198 300
199 230
199 247
199 291
199 292
199 294
199 295
199 297
199 299
200 260
200 267
201 298
202 211
202 219
202 231
202 263
202 277
202 286
202 295
202 296
202 297
202 299
202 300
203 246
203 267
203 272
204 298
205 299
206 211
206 291
206 298
206 299
207 222
207 276
207 298
209 224
209 230
209 264
209 267
210 298
211 218
211 220
211 233
211 234
211 239
211 246
211 250
211 256
211 257
211 260
211 267
211 273
211 281
214 237
214 240
214 263
214 295
214 298
215 259
215 269
215 288
215 299
215 300
216 298
216 299
217 264
217 269
217 288
217 290
218 278
218 299
219 224
219 230
219 233
220 264
220 278
220 290
220 299
221 267
221 298
222 225
222 229
222 230
222 236
222 246
222 250
222 263
222 264
222 267
222 269
222 272
222 273
222 284
222 285
222 299
223 298
224 246
224 285
224 295
224 296
224 299
224 300
225 293
225 295
225 296
225 299
225 300
226 278
227 287
227 288
227 299
227 300
228 264
229 276
229 278
229 298
230 240
230 298
231 264
231 278
231 298
233 256
233 268
234 269
234 278
234 291
234 297
235 267
235 292
235 297
235 298
235 299
236 287
236 299
236 300
237 294
237 300
238 285
238 291
238 294
238 295
238 298
238 299
238 300
239 294
240 246
240 247
240 269
240 278
240 287
240 288
240 290
240 299
240 300
241 298
242 295
242 298
243 300
244 298
245 288
246 268
246 287
246 298
247 263
247 298
248 260
248 298
248 299
249 293
249 298
250 298
251 263
251 285
251 291
251 292
251 294
251 297
251 299
252 278
252 299
254 264
254 299
255 298
256 263
256 264
256 278
256 284
256 285
256 293
256 295
256 298
256 299
256 300
257 264
257 278
257 291
257 294
257 295
257 299
258 260
258 285
259 278
260 278
260 293
260 295
260 298
260 299
261 287
261 298
263 283
263 291
263 292
263 293
263 294
263 295
263 296
263 297
263 299
264 268
264 271
264 279
264 280
264 281
264 298
264 299
265 278
267 290
267 292
267 293
267 294
267 295
267 297
267 299
268 278
268 299
269 291
269 292
269 294
269 295
269 297
269 299
271 278
272 295
273 278
273 293
273 298
273 299
275 278
275 297
275 299
276 291
276 300
277 288
277 295
278 280
278 281
278 284
278 287
278 288
278 291
278 295
278 298
278 299
278 300
279 297
279 299
279 300
280 299
281 290
281 291
281 296
281 297
281 299
282 298
283 295
283 297
283 298
283 299
285 288
286 298
288 293
288 298
290 298
291 292
291 293
291 294
291 295
291 296
291 297
291 298
291 299
292 299
292 300
293 299
293 300
294 299
294 300
295 299
295 300
296 299
296 300
297 299
297 300
298 299
298 300
299 300
